cmd 0 0 0
base_rpy 3.13679 0.0106015 -0.00553884
projected_gravity -0.0106013 0.0055385 -0.999928
body_omega -1.62791 -1.38371 0.150887
omega_world -1.62283 -1.39067 0.141282
base_quat_wxyz 0.999979 -0.00275664 -0.00530734 0.00238687
base_rot_mat 0.999932 -0.00474438 -0.0106276 0.0048029 0.999973 0.00548783 0.0106013 -0.0055385 0.999928
joint_pos_policy -0.018904 0.00961001 -0.0393155 0.020205 -0.768455 -0.767537 -0.77344 -0.77466 1.53355 1.5273 1.56279 1.55512
joint_vel_policy -0.154257 -0.162053 -0.644283 0.00972218 -0.0633249 0.00538975 -0.201061 -0.227386 -0.120886 -0.278911 0.323898 0.162079
obs_contract cmd:3 base_rpy:3 body_omega:3 joint_pos:12 joint_vel:12 joint_pos_history:36 joint_vel_history:24 action_history:24
parity_build_id 2026-02-16-rpy-from-quat-history-abs-noise0-quat-fallback-rpy-actionhist-zero-delay1-rpy-step0-pi-canonical-neg
base_rpy_mode legacy_xyzw_from_rotmat_step0_pi_canonical_neg
history_frame_push_mode single_first_step
action_history_mode training_parity_zero_seed_delay1
joint_pos_history -0.0140374 0.014659 -0.0200883 0.0203644 -0.766585 -0.767852 -0.765914 -0.767188 1.53769 1.53645 1.54806 1.54702 -0.0140374 0.014659 -0.0200883 0.0203644 -0.766585 -0.767852 -0.765914 -0.767188 1.53769 1.53645 1.54806 1.54702 -0.0144039 0.0143093 -0.021382 0.0203901 -0.766745 -0.767849 -0.76667 -0.767741 1.53734 1.53572 1.54976 1.54774
pos_hist -0.0140374 0.014659 -0.0200883 0.0203644 -0.766585 -0.767852 -0.765914 -0.767188 1.53769 1.53645 1.54806 1.54702 -0.0140374 0.014659 -0.0200883 0.0203644 -0.766585 -0.767852 -0.765914 -0.767188 1.53769 1.53645 1.54806 1.54702 -0.0144039 0.0143093 -0.021382 0.0203901 -0.766745 -0.767849 -0.76667 -0.767741 1.53734 1.53572 1.54976 1.54774
joint_vel_history -0.000249376 0.000232928 -0.000365215 0.000373573 -0.00080545 -0.000816354 -0.000332344 -0.000341243 -6.36706e-06 8.60642e-06 -0.000744233 -0.000741721 -0.0354065 -0.0361341 -0.127551 0.000721416 -0.011973 0.00438888 -0.0739335 -0.0535825 -0.0354107 -0.0723621 0.174231 0.0765448
vel_hist -0.000249376 0.000232928 -0.000365215 0.000373573 -0.00080545 -0.000816354 -0.000332344 -0.000341243 -6.36706e-06 8.60642e-06 -0.000744233 -0.000741721 -0.0354065 -0.0361341 -0.127551 0.000721416 -0.011973 0.00438888 -0.0739335 -0.0535825 -0.0354107 -0.0723621 0.174231 0.0765448
action_history 0 0 0 0 0 0 0 0 0 0 0 0 1.91511 -1.89822 -4.49858 2.27898 0.0992299 -0.38657 -0.239262 -0.10157 -3.2739 -4.65758 0.563859 0.0917705
tgt_hist 0 0 0 0 0 0 0 0 0 0 0 0 1.91511 -1.89822 -4.49858 2.27898 0.0992299 -0.38657 -0.239262 -0.10157 -3.2739 -4.65758 0.563859 0.0917705
action_raw 1.50138 -1.79381 -6.27112 2.12076 0.0560363 -1.05628 0.575965 0.958194 -5.05918 -6.50197 -0.0395646 -0.244781
action_offset 0.375344 -0.448454 -1.56778 0.53019 0.0140091 -0.264069 0.143991 0.239548 -1.2648 -1.62549 -0.00989114 -0.0611953
target_joint_pos_policy 0.359939 -0.432465 -1.58991 0.552633 -0.752961 -1.03235 -0.621874 -0.527655 0.272815 -0.0891316 1.53799 1.48559
target_joint_pos 0.359939 -0.752961 0.272815 -0.432465 -1.03235 -0.0891316 -1.58991 -0.621874 1.53799 0.552633 -0.527655 1.48559
joint_limits_lower -0.51777 -2.6433 0.51876 -0.51777 -2.6433 0.51876 -0.51777 -2.6433 0.51876 -0.51777 -2.6433 0.51876
joint_limits_upper 0.51777 0.31086 2.76408 0.51777 0.31086 2.76408 0.51777 0.31086 2.76408 0.51777 0.31086 2.76408
effort_limits 24 24 36 24 24 36 24 24 36 24 24 36
target_joint_pos_clipped 0.359939 -0.752961 0.51876 -0.432465 -1.03235 0.51876 -0.51777 -0.621874 1.53799 0.51777 -0.527655 1.48559
pd_tau_raw 7.68484 0.354205 -25.1302 -8.72806 -5.30013 -32.1335 -30.5609 3.17206 -0.722792 10.6418 5.09927 -1.504
pd_tau_clipped 7.68484 0.354205 -25.1302 -8.72806 -5.30013 -32.1335 -24 3.17206 -0.722792 10.6418 5.09927 -1.504
obs_flat 0 0 0 3.13679 0.0106015 -0.00553884 -1.62791 -1.38371 0.150887 -0.018904 0.00961001 -0.0393155 0.020205 -0.768455 -0.767537 -0.77344 -0.77466 1.53355 1.5273 1.56279 1.55512 -0.154257 -0.162053 -0.644283 0.00972218 -0.0633249 0.00538975 -0.201061 -0.227386 -0.120886 -0.278911 0.323898 0.162079 -0.0140374 0.014659 -0.0200883 0.0203644 -0.766585 -0.767852 -0.765914 -0.767188 1.53769 1.53645 1.54806 1.54702 -0.0140374 0.014659 -0.0200883 0.0203644 -0.766585 -0.767852 -0.765914 -0.767188 1.53769 1.53645 1.54806 1.54702 -0.0144039 0.0143093 -0.021382 0.0203901 -0.766745 -0.767849 -0.76667 -0.767741 1.53734 1.53572 1.54976 1.54774 -0.000249376 0.000232928 -0.000365215 0.000373573 -0.00080545 -0.000816354 -0.000332344 -0.000341243 -6.36706e-06 8.60642e-06 -0.000744233 -0.000741721 -0.0354065 -0.0361341 -0.127551 0.000721416 -0.011973 0.00438888 -0.0739335 -0.0535825 -0.0354107 -0.0723621 0.174231 0.0765448 0 0 0 0 0 0 0 0 0 0 0 0 1.91511 -1.89822 -4.49858 2.27898 0.0992299 -0.38657 -0.239262 -0.10157 -3.2739 -4.65758 0.563859 0.0917705 0 0 0 0 0 0 0 0 0 0 0 0 0 0 0 0 0 0 0 0 0 0 0 0 0 0 0 0 0 0 0 0 0 0 0 0 0 0 0 0 0 0 0 0 0 0 0 0 0 0 0 0 0 0 0 0 0 0 0 0 0 0 0 0 0 0 0 0 0 0 0 0 0 0 0 0 0 0 0 0 0 0 0 0 0 0 0 0 0 0 0 0 0 0 0 0 0 0 0 0 0 0 0 0 0 0 0 0 0 0 0 0 0 0 0 0 0 0 0 0 0 0 0 0 0 0 0 0 0 0 0 0 0 0 0 0 0 0 0 0 0 0 0 0 0 0 0 0 0 0 0 0 0 0 0 0 0 0 0 0 0 0 0 0 0 0 0 0 0 0 0 0 0 0 0 0 0 0 0 0 0 0 0 0 0 0 0 0 0 0 0 0 0 0 0 0 0 0 0 0 0 0 0 0 0 0 0 0 0 0 0 0 0 0 0 0 0 0 0 0 0 0 0 0 0 0 0 0 0 0 0 0 0 0 0 0 0 0 0 0 0 0 0 0 0 0 0 0 0 0 0 0 0 0 0 0 0 0 0 0 0 0 0 0 0 0 0 0 0 0 0 0 0 0 0 0 0 0 0 0 0 0 0 0 0 0 0 0 0 0 0 0 0 0 0 0 0 0 0 0 0 0 0 0 0 0 0 0 0 0 0 0 0 0 0 0 0 0 0 0 0 0 0 0 0 0 0 0 0 0 0 0 0 0 0 0 0 0 0 0 0 0 0 0 0 0 0 0 0 0 0 0 0 0 0 0 0 0 0 0 0 0 0 0 0 0 0 0 0 0 0 0 0 0 0 0 0 0 0 0 0 0 0 0 0 0 0 0 0 0 0 0 0 0 0 0 0 0 0 0 0 0 0 0 0 0 0 0 0 0 0 0 0 0 0 0 0 0 0 0 0 0 0 0 0 0 0 0 0 0 0 0 0 0 0 0 0 0 0 0 0 0 0 0 0 0 0 0 0 0 0 0 0 0 0 0 0 0 0 0 0 0 0 0 0 0 0 0 0 0 0 0 0 0 0 0 0 0 0 0 0 0 0 0 0 0 0 0 0 0 0 0 0 0 0 0 0 0 0 0 0 0 0 0 0 0 0 0 0 0 0 0 0 0 0 0 0 0 0 0 0 0 0 0 0 0 0 0 0 0 0 0 0 0 0 0 0 0 0 0 0 0 0 0 0 0 0 0 0 0 0 0 0 0 0 0 0 0 0 0 0 0 0 0 0 0 0 0 0 0 0 0 0 0 0 0 0 0 0 0 0 0 0 0 0 0 0 0 0 0 0 0 0 0 0 0 0 0 0 0 0 0 0 0 0 0 0 0 0 0 0 0 0 0 0 0 0 0 0 0 0 0 0 0 0 0 0 0 0 0 0 0 0 0 0 0 0 0 0 0 0 0 0 0 0 0 0 0 0 0 0 0 0 0 0 0 0 0 0 0 0 0 0 0 0 0 0 0 0 0 0 0 0 0 0 0 0 0 0 0 0 0 0 0 0 0 0 0 0 0 0 0 0 0 0 0 0 0 0 0 0 0 0 0 0 0 0 0 0 0 0 0 0 0 0 0 0 0 0 0 0 0 0 0 0 0 0 0 0 0 0 0 0 0 0 0 0 0 0 0 0 0 0 0 0 0 0 0 0 0 0 0 0 0 0 0 0 0 0 0 0 0 0 0 0 0 0 0 0 0 0 0 0 0 0 0 0 0 0 0 0 0 0 0 0 0 0 0 0 0 0 0 0 0 0 0 0 0 0 0 0 0 0 0 0 0 0 0 0 0 0 0 0 0 0 0 0 0 0 0 0 0 0 0 0 0 0 0 0 0 0 0 0 0 0 0 0 0 0 0 0 0 0 0 0 0 0 0 0 0 0 0 0 0 0 0 0 0 0 0 0 0 0 0 0 0 0 0 0 0 0 0 0 0 0 0 0 0 0 0 0 0 0 0 0 0 0 0 0 0 0 0 0 0 0 0 0 0 0 0 0 0 0 0 0 0 0 0 0 0 0 0 0 0 0 0 0 0 0 0 0 0 0 0 0 0 0 0 0 0 0 0 0 0 0 0 0 0 0 0 0 0 0 0 0 0 0 0 0 0 0 0 0 0 0 0 0 0 0 0 0 0 0 0 0 0 0 0 0 0 0 0 0 0 0 0 0 0 0 0 0 0 0 0 0 0 0 0 0 0 0 0 0 0 0 0 0 0 0 0 0 0 0 0 0 0 0 0 0 0 0 0 0 0 0 0 0 0 0 0 0 0 0 0 0 0 0 0 0 0 0 0 0 0 0 0 0 0 0 0 0 0 0 0 0 0 0 0 0 0 0 0 0 0 0 0 0 0 0 0 0 0 0 0 0 0 0 0 0 0 0 0 0 0 0 0 0 0 0 0 0 0 0 0 0 0 0 0 0 0 0 0 0 0 0 0 0 0 0 0 0 0 0 0 0 0 0 0 0 0 0 0 0 0 0 0 0 0 0 0 0 0 0 0 0 0 0 0 0 0 0 0 0 0 0 0 0 0 0 0 0 0 0 0 0 0 0 0 0 0 0 0 0 0 0 0 0 0 0 0 0 0 0 0 0 0 0 0 0 0 0 0 0 0 0 0 0 0 0 0 0 0 0 0 0 0 0 0 0 0 0 0 0 0 0 0 0 0 0 0 0 0 0 0 0 0 0 0 0 0 0 0 0 0 0 0 0 0 0 0 0 0 0 0 0 0 0 0 0 0 0 0 0 0 0 0 0 0 0 0 0 0 0 0 0 0 0 0 0 0 0 0 0 0 0 0 0 0 0 0 0 0 0 0 0 0 0 0 0 0 0 0 0 0 0 0 0 0 0 0 0 0 0 0 0 0 0 0 0 0 0 0 0 0 0 0 0 0 0 0 0 0 0 0 0 0 0 0 0 0 0 0 0 0 0 0 0 0 0 0 0 0 0 0 0 0 0 0 0 0 0 0 0 0 0 0 0 0 0 0 0 0 0 0 0 0 0 0 0 0 0 0 0 0 0 0 0 0 0 0 0 0 0 0 0 0 0 0 0 0 0 0 0 0 0 0 0 0 0 0 0 0 0 0 0 0 0 0 0 0 0 0 0 0 0 0 0 0 0 0 0 0 0 0 0 0 0 0 0 0 0 0 0 0 0 0 0 0 0 0 0 0 0 0 0 0 0 0 0 0 0 0 0 0 0 0 0 0 0 0 0 0 0 0 0 0 0 0 0 0 0 0 0 0 0 0 0 0 0 0 0 0 0 0 0 0 0 0 0 0 0 0 0 0 0 0 0 0 0 0 0 0 0 0 0 0 0 0 0 0 0 0 0 0 0 0 0 0 0 0 0 0 0 0 0 0 0 0 0 0 0 0 0 0 0 0 0 0 0 0 0 0 0 0 0 0 0 0 0 0 0 0 0 0 0 0 0 0 0 0 0 0 0 0 0 0 0 0 0 0 0 0 0 0 0 0 0 0 0 0 0 0 0 0 0 0 0 0 0 0 0 0 0 0 0 0 0 0 0 0 0 0 0 0 0 0 0 0 0 0 0 0 0 0 0 0 0 0 0 0 0 0 0 0 0 0 0 0 0 0 0 0 0 0 0 0 0 0 0 0 0 0 0 0 0 0 0 0 0 0 0 0 0 0 0 0 0 0 0 0 0 0 0 0 0 0 0 0 0 0 0 0 0 0 0 0 0 0 0 0 0 0 0 0 0 0 0 0 0 0 0 0 0 0 0 0 0 0 0 0 0 0 0 0 0 0 0 0 0 0 0 0 0 0 0 0 0 0 0 0 0 0 0 0 0 0 0 0 0 0 0 0 0 0 0 0 0 0 0 0 0 0 0 0 0 0 0 0 0 0 0 0 0 0 0 0 0 0 0 0 0 0 0 0 0 0 0 0 0 0 0 0 0 0 0 0 0 0 0 0 0 0 0 0 0 0 0 0 0 0 0 0 0 0 0 0 0 0 0 0 0 0 0 0 0 0 0 0 0 0 0 0 0 0 0 0 0 0 0 0 0 0 0 0 0 0 0 0 0 0 0 0 0 0 0 0 0 0 0 0 0 0 0 0 0 0 0 0 0 0 0 0 0 0 0 0 0 0 0 0 0 0 0 0 0 0 0 0 0 0 0 0 0 0 0 0 0 0 0 0 0 0 0 0 0 0 0 0 0 0 0 0 0 0 0 0 0 0 0 0 0 0 0 0 0 0 0 0 0 0 0 0 0 0 0 0 0 0 0 0 0 0 0 0 0 0 0 0 0 0 0 0 0 0 0 0 0 0 0 0 0 0 0 0 0 0 0 0 0 0 0 0 0 0 0 0 0 0 0 0 0 0 0 0 0 0 0 0 0 0 0 0 0 0 0 0 0 0 0 0 0 0 0 0 0 0 0 0 0 0 0 0 0 0 0 0 0 0 0 0 0 0 0 0 0 0 0 0 0 0 0 0 0 0 0 0 0 0 0 0 0 0 0 0 0 0 0 0 0 0 0 0 0 0 0 0 0 0 0 0 0 0 0 0 0 0 0 0 0 0 0 0 0 0 0 0 0 0 0 0 0 0 0 0 0 0 0 0 0 0 0 0 0 0 0 0 0 0 0 0 0 0 0 0 0 0 0 0 0 0 0 0 0 0 0 0 0 0 0 0 0 0 0 0 0 0 0 0 0 0 0 0 0 0 0 0 0 0 0 0 0 0 0 0 0 0 0 0 0 0 0 0 0 0 0 0 0 0 0 0 0 0 0 0 0 0 0 0 0 0 0 0 0 0 0 0 0 0 0 0 0 0 0 0 0 0 0 0 0 0 0 0 0 0 0 0 0 0 0 0 0 0 0 0 0 0 0 0 0 0 0 0 0 0 0 0 0 0 0 0 0 0 0 0 0 0 0 0 0 0 0 0 0 0 0 0 0 0 0 0 0 0 0 0 0 0 0 0 0 0 0 0 0 0 0 0 0 0 0 0 0 0 0 0 0 0 0 0 0 0 0 0 0 0 0 0 0 0 0 0 0 0 0 0 0 0 0 0 0 0 0 0 0 0 0 0 0 0 0 0 0 0 0 0 0 0 0 0 0 0 0 0 0 0 0 0 0 0 0 0 0 0 0 0 0 0 0 0 0 0 0 0 0 0 0 0 0 0 0 0 0 0 0 0 0 0 0 0 0 0 0 0 0 0 0 0 0 0 0 0 0 0 0 0 0 0 0 0 0 0 0 0 0 0 0 0 0 0 0 0 0 0 0 0 0 0 0 0 0 0 0 0 0 0 0 0 0 0 0 0 0 0 0 0 0 0 0 0 0 0 0 0 0 0 0 0 0 0 0 0 0 0 0 0 0 0 0 0 0 0 0 0 0 0 0 0 0 0 0 0 0 0 0 0 0 0 0 0 0 0 0 0 0 0 0 0 0 0 0 0 0 0 0 0 0 0 0 0 0 0 0 0 0 0 0 0 0 0 0 0 0 0 0 0 0 0 0 0 0 0 0 0 0 0 0 0 0 0 0 0 0 0 0 0 0 0 0 0 0 0 0 0 0 0 0 0 0 0 0 0 0 0 0 0 0 0 0 0 0 0 0 0 0 0 0 0 0 0 0 0 0 0 0 0 0 0 0 0 0 0 0 0 0 0 0 0 0 0 0 0 0 0 0 0 0 0 0 0 0 0 0 0 0 0 0 0 0 0 0 0 0 0 0 0 0 0 0 0 0 0 0 0 0 0 0 0 0 0 0 0 0 0 0 0 0 0 0 0 0 0 0 0 0 0 0 0 0 0 0 0 0 0 0 0 0 0 0 0 0 0 0 0 0 0 0 0 0 0 0 0 0 0 0 0 0 0 0 0 0 0 0 0 0 0 0 0 0 0 0 0 0 0 0 0 0 0 0 0 0 0 0 0 0 0 0 0 0 0 0 0 0 0 0 0 0 0 0 0 0 0 0 0 0 0 0 0 0 0 0 0 0 0 0 0 0 0 0 0 0 0 0 0 0 0 0 0 0 0 0 0 0 0 0 0 0 0 0 0 0 0 0 0 0 0 0 0 0 0 0 0 0 0 0 0 0 0 0 0 0 0 0 0 0 0 0 0 0 0 0 0 0 0 0 0 0 0 0 0 0 0 0 0 0 0 0 0 0 0 0 0 0 0 0 0 0 0 0 0 0 0 0 0 0 0 0 0 0 0 0 0 0 0 0 0 0 0 0 0 0 0 0 0 0 0 0 0 0 0 0 0 0 0 0 0 0 0 0 0 0 0 0 0 0 0 0 0 0 0 0 0 0 0 0 0 0 0 0 0 0 0 0 0 0 0 0 0 0 0 0 0 0 0 0 0 0 0 0 0 0 0 0 0 0 0 0 0 0 0 0 0 0 0 0 0 0 0 0 0 0 0 0 0 0 0 0 0 0 0 0 0 0 0 0 0 0 0 0 0 0 0 0 0 0 0 0 0 0 0 0 0 0 0 0 0 0 0 0 0 0 0 0 0 0 0 0 0 0 0 0 0 0 0 0 0 0 0 0 0 0 0 0 0 0 0 0 0 0 0 0 0 0 0 0 0 0 0 0 0 0 0 0 0 0 0 0 0 0 0 0 0 0 0 0 0 0 0 0 0 0 0 0 0 0 0 0 0 0 0 0 0 0 0 0 0 0 0 0 0 0 0 0 0 0 0 0 0 0 0 0 0 0 0 0 0 0 0 0 0 0 0 0 0 0 0 0 0 0 0 0 0 0 0 0 0 0 0 0 0 0 0 0 0 0 0 0 0 0 0 0 0 0 0 0 0 0 0 0 0 0 0 0 0 0 0 0 0 0 0 0 0 0 0 0 0 0 0 0 0 0 0 0 0 0 0 0 0 0 0 0 0 0 0 0 0 0 0 0 0 0 0 0 0 0 0 0 0 0 0 0 0 0 0 0 0 0 0 0 0 0 0 0 0 0 0 0 0 0 0 0 0 0 0 0 0 0 0 0 0 0 0 0 0 0 0 0 0 0 0 0 0 0 0 0 0 0 0 0 0 0 0 0 0 0 0 0 0 0 0 0 0 0 0 0 0 0 0 0 0 0 0 0 0 0 0 0 0 0 0 0 0 0 0 0 0 0 0 0 0 0 0 0 0 0 0 0 0 0 0 0 0 0 0 0 0 0 0 0 0 0 0 0 0 0 0 0 0 0 0 0 0 0 0 0 0 0 0 0 0 0 0 0 0 0 0 0 0 0 0 0 0 0 0 0 0 0 0 0 0 0 0 0 0 0 0 0 0 0 0 0 0 0 0 0 0 0 0 0 0 0 0 0 0 0 0 0 0 0 0 0 0 0 0 0 0 0 0 0 0 0 0 0 0 0 0 0 0 0 0 0 0 0 0 0 0 0 0 0 0 0 0 0 0 0 0 0 0 0 0 0 0 0 0 0 0 0 0 0 0 0 0 0 0 0 0 0 0 0 0 0 0 0 0 0 0 0 0 0 0 0 0 0 0 0 0 0 0 0 0 0 0 0 0 0 0 0 0 0 0 0 0 0 0 0 0 0 0 0 0 0 0 0 0 0 0 0 0 0 0 0 0 0 0 0 0 0 0 0 0 0 0 0 0 0 0 0 0 0 0 0 0 0 0 0 0 0 0 0 0 0 0 0 0 0 0 0 0 0 0 0 0 0 0 0 0 0 0 0 0 0 0 0 0 0 0 0 0 0 0 0 0 0 0 0 0 0 0 0 0 0 0 0 0 0 0 0 0 0 0 0 0 0 0 0 0 0 0 0 0 0 0 0 0 0 0 0 0 0 0 0 0 0 0 0 0 0 0 0 0 0 0 0 0 0 0 0 0 0 0 0 0 0 0 0 0 0 0 0 0 0 0 0 0 0 0 0 0 0 0 0 0 0 0 0 0 0 0 0 0 0 0 0 0 0 0 0 0 0 0 0 0 0 0 0 0 0 0 0 0 0 0 0 0 0 0 0 0 0 0 0 0 0 0 0 0 0 0 0 0 0 0 0 0 0 0 0 0 0 0 0 0 0 0 0 0 0 0 0 0 0 0 0 0 0 0 0 0 0 0 0 0 0 0 0 0 0 0 0 0 0 0 0 0 0 0 0 0 0 0 0 0 0 0 0 0 0 0 0 0 0 0 0 0 0 0 0 0 0 0 0 0 0 0 0 0 0 0 0 0 0 0 0 0 0 0 0 0 0 0 0 0 0 0 0 0 0 0 0 0 0 0 0 0 0 0 0 0 0 0 0 0 0 0 0 0 0 0 0 0 0 0 0 0 0 0 0 0 0 0 0 0 0 0 0 0 0 0 0 0 0 0 0 0 0 0 0 0 0 0 0 0 0 0 0 0 0 0 0 0 0 0 0 0 0 0 0 0 0 0 0 0 0 0 0 0 0 0 0 0 0 0 0 0 0 0 0 0 0 0 0 0 0 0 0 0 0 0 0 0 0 0 0 0 0 0 0 0 0 0 0 0 0 0 0 0 0 0 0 0 0 0 0 0 0 0 0 0 0 0 0 0 0 0 0 0 0 0 0 0 0 0 0 0 0 0 0 0 0 0 0 0 0 0 0 0 0 0 0 0 0 0 0 0 0 0 0 0 0 0 0 0 0 0 0 0 0 0 0 0 0 0 0 0 0 0 0 0 0 0 0 0 0 0 0 0 0 0 0 0 0 0 0 0 0 0 0 0 0 0 0 0 0 0 0 0 0 0 0 0 0 0 0 0 0 0 0 0 0 0 0 0 0 0 0 0 0 0 0 0 0 0 0 0 0 0 0 0 0 0 0 0 0 0 0 0 0 0 0 0 0 0 0 0 0 0 0 0 0 0 0 0 0 0 0 0 0 0 0 0 0 0 0 0 0 0 0 0 0 0 0 0 0 0 0 0 0 0 0 0 0 0 0 0 0 0 0 0 0 0 0 0 0 0 0 0 0 0 0 0 0 0 0 0 0 0 0 0 0 0 0 0 0 0 0 0 0 0 0 0 0 0 0 0 0 0 0 0 0 0 0 0 0 0 0 0 0 0 0 0 0 0 0 0 0 0 0 0 0 0 0 0 0 0 0 0 0 0 0 0 0 0 0 0 0 0 0 0 0 0 0 0 0 0 0 0 0 0 0 0 0 0 0 0 0 0 0 0 0 0 0 0 0 0 0 0 0 0 0 0 0 0 0 0 0 0 0 0 0 0 0 0 0 0 0 0 0 0 0 0 0 0 0 0 0 0 0 0 0 0 0 0 0 0 0 0 0 0 0 0 0 0 0 0 0 0 0 0 0 0 0 0 0 0 0 0 0 0 0 0 0 0 0 0 0 0 0 0 0 0 0 0 0 0 0 0 0 0 0 0 0 0 0 0 0 0 0 0 0 0 0 0 0 0 0 0 0 0 0 0 0 0 0 0 0 0 0 0 0 0 0 0 0 0 0 0 0 0 0 0 0 0 0 0 0 0 0 0 0 0 0 0 0 0 0 0 0 0 0 0 0 0 0 0 0 0 0 0 0 0 0 0 0 0 0 0 0 0 0 0 0 0 0 0 0 0 0 0 0 0 0 0 0 0 0 0 0 0 0 0 0 0 0 0 0 0 0 0 0 0 0 0 0 0 0 0 0 0 0 0 0 0 0 0 0 0 0 0 0 0 0 0 0 0 0 0 0 0 0 0 0 0 0 0 0 0 0 0 0 0 0 0 0 0 0 0 0 0 0 0 0 0 0 0 0 0 0 0 0 0 0 0 0 0 -3.13727 0.00626107 -0.000436692 5.56055e-05 0.00297557 -6.92692e-05 -0.0140374 0.014659 -0.0200883 0.0203644 -0.766585 -0.767852 -0.765914 -0.767188 1.53769 1.53645 1.54806 1.54702 -0.000249376 0.000232928 -0.000365215 0.000373573 -0.00080545 -0.000816354 -0.000332344 -0.000341243 -6.36706e-06 8.60642e-06 -0.000744233 -0.000741721 -0.0140374 0.014659 -0.0200883 0.0203644 -0.766585 -0.767852 -0.765914 -0.767188 1.53769 1.53645 1.54806 1.54702 -0.0140374 0.014659 -0.0200883 0.0203644 -0.766585 -0.767852 -0.765914 -0.767188 1.53769 1.53645 1.54806 1.54702 -0.0140374 0.014659 -0.0200883 0.0203644 -0.766585 -0.767852 -0.765914 -0.767188 1.53769 1.53645 1.54806 1.54702 -0.000249376 0.000232928 -0.000365215 0.000373573 -0.00080545 -0.000816354 -0.000332344 -0.000341243 -6.36706e-06 8.60642e-06 -0.000744233 -0.000741721 -0.000249376 0.000232928 -0.000365215 0.000373573 -0.00080545 -0.000816354 -0.000332344 -0.000341243 -6.36706e-06 8.60642e-06 -0.000744233 -0.000741721 0 0 0 0 0 0 0 0 0 0 0 0 0 0 0 0 0 0 0 0 0 0 0 0 0 0 0 3.13724 0.00657147 -0.000803572 -0.366965 -0.325397 0.0306397 -0.0144039 0.0143093 -0.021382 0.0203901 -0.766745 -0.767849 -0.76667 -0.767741 1.53734 1.53572 1.54976 1.54774 -0.0354065 -0.0361341 -0.127551 0.000721416 -0.011973 0.00438888 -0.0739335 -0.0535825 -0.0354107 -0.0723621 0.174231 0.0765448 -0.0140374 0.014659 -0.0200883 0.0203644 -0.766585 -0.767852 -0.765914 -0.767188 1.53769 1.53645 1.54806 1.54702 -0.0140374 0.014659 -0.0200883 0.0203644 -0.766585 -0.767852 -0.765914 -0.767188 1.53769 1.53645 1.54806 1.54702 -0.0140374 0.014659 -0.0200883 0.0203644 -0.766585 -0.767852 -0.765914 -0.767188 1.53769 1.53645 1.54806 1.54702 -0.000249376 0.000232928 -0.000365215 0.000373573 -0.00080545 -0.000816354 -0.000332344 -0.000341243 -6.36706e-06 8.60642e-06 -0.000744233 -0.000741721 -0.000249376 0.000232928 -0.000365215 0.000373573 -0.00080545 -0.000816354 -0.000332344 -0.000341243 -6.36706e-06 8.60642e-06 -0.000744233 -0.000741721 0 0 0 0 0 0 0 0 0 0 0 0 0 0 0 0 0 0 0 0 0 0 0 0 0 0 0 3.13679 0.0106015 -0.00553884 -1.62791 -1.38371 0.150887 -0.018904 0.00961001 -0.0393155 0.020205 -0.768455 -0.767537 -0.77344 -0.77466 1.53355 1.5273 1.56279 1.55512 -0.154257 -0.162053 -0.644283 0.00972218 -0.0633249 0.00538975 -0.201061 -0.227386 -0.120886 -0.278911 0.323898 0.162079 -0.0140374 0.014659 -0.0200883 0.0203644 -0.766585 -0.767852 -0.765914 -0.767188 1.53769 1.53645 1.54806 1.54702 -0.0140374 0.014659 -0.0200883 0.0203644 -0.766585 -0.767852 -0.765914 -0.767188 1.53769 1.53645 1.54806 1.54702 -0.0144039 0.0143093 -0.021382 0.0203901 -0.766745 -0.767849 -0.76667 -0.767741 1.53734 1.53572 1.54976 1.54774 -0.000249376 0.000232928 -0.000365215 0.000373573 -0.00080545 -0.000816354 -0.000332344 -0.000341243 -6.36706e-06 8.60642e-06 -0.000744233 -0.000741721 -0.0354065 -0.0361341 -0.127551 0.000721416 -0.011973 0.00438888 -0.0739335 -0.0535825 -0.0354107 -0.0723621 0.174231 0.0765448 0 0 0 0 0 0 0 0 0 0 0 0 1.91511 -1.89822 -4.49858 2.27898 0.0992299 -0.38657 -0.239262 -0.10157 -3.2739 -4.65758 0.563859 0.0917705
