cmd 0 0 0
base_rpy -2.93136 0.0154829 -0.000477667
projected_gravity -0.0154823 0.000477609 -0.99988
body_omega 0.00118762 -2.02868 -0.113319
omega_world -0.420509 -1.98467 -0.112318
base_rot_mat 0.977865 0.208695 -0.0150417 -0.208663 0.977981 0.00369812 0.0154823 -0.000477609 0.99988
joint_pos_policy -0.0150405 0.0154711 -0.0265869 0.0361355 -0.767157 -0.767767 -0.776006 -0.761917 1.52027 1.51882 1.60945 1.56041
joint_vel_policy -0.00684633 0.00755634 -0.135021 0.358735 0.0109993 0.0234369 -0.27374 0.172011 -0.375128 -0.37882 1.66098 0.364829
action_raw 1.36554 -0.915249 -3.45676 2.33534 -0.791964 -0.578984 2.44664 3.93029 -9.41938 -10.9552 6.2214 2.73612
action_offset 0.341384 -0.228812 -0.864189 0.583836 -0.197991 -0.144746 0.611659 0.982574 -2.35484 -2.7388 1.55535 0.68403
target_joint_pos 0.326384 -0.967991 -0.814844 -0.212812 -0.914746 -1.1988 -0.886189 -0.158341 3.10535 0.605836 0.212574 2.23403
joint_limits_lower -0.51777 -2.6433 0.51876 -0.51777 -2.6433 0.51876 -0.51777 -2.6433 0.51876 -0.51777 -2.6433 0.51876
joint_limits_upper 0.51777 0.31086 2.76408 0.51777 0.31086 2.76408 0.51777 0.31086 2.76408 0.51777 0.31086 2.76408
effort_limits 24 24 36 24 24 36 24 24 36 24 24 36
target_joint_pos_clipped 0.326384 -0.967991 0.51876 -0.212812 -0.914746 0.51876 -0.51777 -0.158341 2.76408 0.51777 0.212574 2.23403
pd_tau_raw 6.83328 -4.02438 -46.4397 -4.57096 -2.95599 -54.0871 -17.0975 12.5449 28.7553 11.1429 19.3694 13.2169
pd_tau_clipped 6.83328 -4.02438 -36 -4.57096 -2.95599 -36 -17.0975 12.5449 28.7553 11.1429 19.3694 13.2169
obs_flat 0 0 0 -2.93136 0.0154829 -0.000477667 0.00118762 -2.02868 -0.113319 -0.0150405 0.0154711 -0.0265869 0.0361355 -0.767157 -0.767767 -0.776006 -0.761917 1.52027 1.51882 1.60945 1.56041 -0.00684633 0.00755634 -0.135021 0.358735 0.0109993 0.0234369 -0.27374 0.172011 -0.375128 -0.37882 1.66098 0.364829 -0.0145268 0.0150566 -0.0208785 0.0212464 -0.768007 -0.769279 -0.764861 -0.766328 1.53708 1.53583 1.5484 1.54726 -0.0145687 0.015065 -0.0209809 0.0215089 -0.76795 -0.769197 -0.765223 -0.766448 1.5367 1.53543 1.55008 1.54789 -0.0148864 0.0150955 -0.0226636 0.0250005 -0.767628 -0.768604 -0.768551 -0.767006 1.53182 1.53038 1.56607 1.55333 -0.00349709 0.000104735 -0.00916107 0.0251879 0.00281095 0.00533944 -0.0370911 -0.0128918 -0.0387065 -0.0406487 0.165653 0.0611794 -0.00833446 0.00239353 -0.0655802 0.1417 0.0105138 0.0187058 -0.0863911 0.0339554 -0.167984 -0.171867 0.480271 0.0819157 0.721816 -0.341475 -1.50571 2.21699 -0.54061 -0.598848 1.45861 2.67892 -6.10916 -7.32599 3.69961 1.45011 1.10932 -0.640498 -2.51955 2.36342 -0.717023 -0.585746 2.09329 3.45846 -8.02901 -9.50657 5.15141 2.1415 0 0 0 0 0 0 0 0 0 0 0 0 0 0 0 0 0 0 0 0 0 0 0 0 0 0 0 0 0 0 0 0 0 0 0 0 0 0 0 0 0 0 0 0 0 0 0 0 0 0 0 0 0 0 0 0 0 0 0 0 0 0 0 0 0 0 0 0 0 0 0 0 0 0 0 0 0 0 0 0 0 0 0 0 0 0 0 0 0 0 0 0 0 0 0 0 0 0 0 0 0 0 0 0 0 0 0 0 0 0 0 0 0 0 0 0 0 0 0 0 0 0 0 0 0 0 0 0 0 0 0 0 0 0 0 0 0 0 0 0 0 0 0 0 0 0 0 0 0 0 0 0 0 0 0 0 0 0 0 0 0 0 0 0 0 0 0 0 0 0 0 0 0 0 0 0 0 0 0 0 0 0 0 0 0 0 0 0 0 0 0 0 0 0 0 0 0 0 0 0 0 0 0 0 0 0 0 0 0 0 0 0 0 0 0 0 0 0 0 0 0 0 0 0 0 0 0 0 0 0 0 0 0 0 0 0 0 0 0 0 0 0 0 0 0 0 0 0 0 0 0 0 0 0 0 0 0 0 0 0 0 0 0 0 0 0 0 0 0 0 0 0 0 0 0 0 0 0 0 0 0 0 0 0 0 0 0 0 0 0 0 0 0 0 0 0 0 0 0 0 0 0 0 0 0 0 0 0 0 0 0 0 0 0 0 0 0 0 0 0 0 0 0 0 0 0 0 0 0 0 0 0 0 0 0 0 0 0 0 0 0 0 0 0 0 0 0 0 0 0 0 0 0 0 0 0 0 0 0 0 0 0 0 0 0 0 0 0 0 0 0 0 0 0 0 0 0 0 0 0 0 0 0 0 0 0 0 0 0 0 0 0 0 0 0 0 0 0 0 0 0 0 0 0 0 0 0 0 0 0 0 0 0 0 0 0 0 0 0 0 0 0 0 0 0 0 0 0 0 0 0 0 0 0 0 0 0 0 0 0 0 0 0 0 0 0 0 0 0 0 0 0 0 0 0 0 0 0 0 0 0 0 0 0 0 0 0 0 0 0 0 0 0 0 0 0 0 0 0 0 0 0 0 0 0 0 0 0 0 0 0 0 0 0 0 0 0 0 0 0 0 0 0 0 0 0 0 0 0 0 0 0 0 0 0 0 0 0 0 0 0 0 0 0 0 0 0 0 0 0 0 0 0 0 0 0 0 0 0 0 0 0 0 0 0 0 0 0 0 0 0 0 0 0 0 0 0 0 0 0 0 0 0 0 0 0 0 0 0 0 0 0 0 0 0 0 0 0 0 0 0 0 0 0 0 0 0 0 0 0 0 0 0 0 0 0 0 0 0 0 0 0 0 0 0 0 0 0 0 0 0 0 0 0 0 0 0 0 0 0 0 0 0 0 0 0 0 0 0 0 0 0 0 0 0 0 0 0 0 0 0 0 0 0 0 0 0 0 0 0 0 0 0 0 0 0 0 0 0 0 0 0 0 0 0 0 0 0 0 0 0 0 0 0 0 0 0 0 0 0 0 0 0 0 0 0 0 0 0 0 0 0 0 0 0 0 0 0 0 0 0 0 0 0 0 0 0 0 0 0 0 0 0 0 0 0 0 0 0 0 0 0 0 0 0 0 0 0 0 0 0 0 0 0 0 0 0 0 0 0 0 0 0 0 0 0 0 0 0 0 0 0 0 0 0 0 0 0 0 0 0 0 0 0 0 0 0 0 0 0 0 0 0 0 0 0 0 0 0 0 0 0 0 0 0 0 0 0 0 0 0 0 0 0 0 0 0 0 0 0 0 0 0 0 0 0 0 0 0 0 0 0 0 0 0 0 0 0 0 0 0 0 0 0 0 0 0 0 0 0 0 0 0 0 0 0 0 0 0 0 0 0 0 0 0 0 0 0 0 0 0 0 0 0 0 0 0 0 0 0 0 0 0 0 0 0 0 0 0 0 0 0 0 0 0 0 0 0 0 0 0 0 0 0 0 0 0 0 0 0 0 0 0 0 0 0 0 0 0 0 0 0 0 0 0 0 0 0 0 0 0 0 0 0 0 0 0 0 0 0 0 0 0 0 0 0 0 0 0 0 0 0 0 0 0 0 0 0 0 0 0 0 0 0 0 0 0 0 0 0 0 0 0 0 0 0 0 0 0 0 0 0 0 0 0 0 0 0 0 0 0 0 0 0 0 0 0 0 0 0 0 0 0 0 0 0 0 0 0 0 0 0 0 0 0 0 0 0 0 0 0 0 0 0 0 0 0 0 0 0 0 0 0 0 0 0 0 0 0 0 0 0 0 0 0 0 0 0 0 0 0 0 0 0 0 0 0 0 0 0 0 0 0 0 0 0 0 0 0 0 0 0 0 0 0 0 0 0 0 0 0 0 0 0 0 0 0 0 0 0 0 0 0 0 0 0 0 0 0 0 0 0 0 0 0 0 0 0 0 0 0 0 0 0 0 0 0 0 0 0 0 0 0 0 0 0 0 0 0 0 0 0 0 0 0 0 0 0 0 0 0 0 0 0 0 0 0 0 0 0 0 0 0 0 0 0 0 0 0 0 0 0 0 0 0 0 0 0 0 0 0 0 0 0 0 0 0 0 0 0 0 0 0 0 0 0 0 0 0 0 0 0 0 0 0 0 0 0 0 0 0 0 0 0 0 0 0 0 0 0 0 0 0 0 0 0 0 0 0 0 0 0 0 0 0 0 0 0 0 0 0 0 0 0 0 0 0 0 0 0 0 0 0 0 0 0 0 0 0 0 0 0 0 0 0 0 0 0 0 0 0 0 0 0 0 0 0 0 0 0 0 0 0 0 0 0 0 0 0 0 0 0 0 0 0 0 0 0 0 0 0 0 0 0 0 0 0 0 0 0 0 0 0 0 0 0 0 0 0 0 0 0 0 0 0 0 0 0 0 0 0 0 0 0 0 0 0 0 0 0 0 0 0 0 0 0 0 0 0 0 0 0 0 0 0 0 0 0 0 0 0 0 0 0 0 0 0 0 0 0 0 0 0 0 0 0 0 0 0 0 0 0 0 0 0 0 0 0 0 0 0 0 0 0 0 0 0 0 0 0 0 0 0 0 0 0 0 0 0 0 0 0 0 0 0 0 0 0 0 0 0 0 0 0 0 0 0 0 0 0 0 0 0 0 0 0 0 0 0 0 0 0 0 0 0 0 0 0 0 0 0 0 0 0 0 0 0 0 0 0 0 0 0 0 0 0 0 0 0 0 0 0 0 0 0 0 0 0 0 0 0 0 0 0 0 0 0 0 0 0 0 0 0 0 0 0 0 0 0 0 0 0 0 0 0 0 0 0 0 0 0 0 0 0 0 0 0 0 0 0 0 0 0 0 0 0 0 0 0 0 0 0 0 0 0 0 0 0 0 0 0 0 0 0 0 0 0 0 0 0 0 0 0 0 0 0 0 0 0 0 0 0 0 0 0 0 0 0 0 0 0 0 0 0 0 0 0 0 0 0 0 0 0 0 0 0 0 0 0 0 0 0 0 0 0 0 0 0 0 0 0 0 0 0 0 0 0 0 0 0 0 0 0 0 0 0 0 0 0 0 0 0 0 0 0 0 0 0 0 0 0 0 0 0 0 0 0 0 0 0 0 0 0 0 0 0 0 0 0 0 0 0 0 0 0 0 0 0 0 0 0 0 0 0 0 0 0 0 0 0 0 0 0 0 0 0 0 0 0 0 0 0 0 0 0 0 0 0 0 0 0 0 0 0 0 0 0 0 0 0 0 0 0 0 0 0 0 0 0 0 0 0 0 0 0 0 0 0 0 0 0 0 0 0 0 0 0 0 0 0 0 0 0 0 0 0 0 0 0 0 0 0 0 0 0 0 0 0 0 0 0 0 0 0 0 0 0 0 0 0 0 0 0 0 0 0 0 0 0 0 0 0 0 0 0 0 0 0 0 0 0 0 0 0 0 0 0 0 0 0 0 0 0 0 0 0 0 0 0 0 0 0 0 0 0 0 0 0 0 0 0 0 0 0 0 0 0 0 0 0 0 0 0 0 0 0 0 0 0 0 0 0 0 0 0 0 0 0 0 0 0 0 0 0 0 0 0 0 0 0 0 0 0 0 0 0 0 0 0 0 0 0 0 0 0 0 0 0 0 0 0 0 0 0 0 0 0 0 0 0 0 0 0 0 0 0 0 0 0 0 0 0 0 0 0 0 0 0 0 0 0 0 0 0 0 0 0 0 0 0 0 0 0 0 0 0 0 0 0 0 0 0 0 0 0 0 0 0 0 0 0 0 0 0 0 0 0 0 0 0 0 0 0 0 0 0 0 0 0 0 0 0 0 0 0 0 0 0 0 0 0 0 0 0 0 0 0 0 0 0 0 0 0 0 0 0 0 0 0 0 0 0 0 0 0 0 0 0 0 0 0 0 0 0 0 0 0 0 0 0 0 0 0 0 0 0 0 0 0 0 0 0 0 0 0 0 0 0 0 0 0 0 0 0 0 0 0 0 0 0 0 0 0 0 0 0 0 0 0 0 0 0 0 0 0 0 0 0 0 0 0 0 0 0 0 0 0 0 0 0 0 0 0 0 0 0 0 0 0 0 0 0 0 0 0 0 0 0 0 0 0 0 0 0 0 0 0 0 0 0 0 0 0 0 0 0 0 0 0 0 0 0 0 0 0 0 0 0 0 0 0 0 0 0 0 0 0 0 0 0 0 0 0 0 0 0 0 0 0 0 0 0 0 0 0 0 0 0 0 0 0 0 0 0 0 0 0 0 0 0 0 0 0 0 0 0 0 0 0 0 0 0 0 0 0 0 0 0 0 0 0 0 0 0 0 0 0 0 0 0 0 0 0 0 0 0 0 0 0 0 0 0 0 0 0 0 0 0 0 0 0 0 0 0 0 0 0 0 0 0 0 0 0 0 0 0 0 0 0 0 0 0 0 0 0 0 0 0 0 0 0 0 0 0 0 0 0 0 0 0 0 0 0 0 0 0 0 0 0 0 0 0 0 0 0 0 0 0 0 0 0 0 0 0 0 0 0 0 0 0 0 0 0 0 0 0 0 0 0 0 0 0 0 0 0 0 0 0 0 0 0 0 0 0 0 0 0 0 0 0 0 0 0 0 0 0 0 0 0 0 0 0 0 0 0 0 0 0 0 0 0 0 0 0 0 0 0 0 0 0 0 0 0 0 0 0 0 0 0 0 0 0 0 0 0 0 0 0 0 0 0 0 0 0 0 0 0 0 0 0 0 0 0 0 0 0 0 0 0 0 0 0 0 0 0 0 0 0 0 0 0 0 0 0 0 0 0 0 0 0 0 0 0 0 0 0 0 0 0 0 0 0 0 0 0 0 0 0 0 0 0 0 0 0 0 0 0 0 0 0 0 0 0 0 0 0 0 0 0 0 0 0 0 0 0 0 0 0 0 0 0 0 0 0 0 0 0 0 0 0 0 0 0 0 0 0 0 0 0 0 0 0 0 0 0 0 0 0 0 0 0 0 0 0 0 0 0 0 0 0 0 0 0 0 0 0 0 0 0 0 0 0 0 0 0 0 0 0 0 0 0 0 0 0 0 0 0 0 0 0 0 0 0 0 0 0 0 0 0 0 0 0 0 0 0 0 0 0 0 0 0 0 0 0 0 0 0 0 0 0 0 0 0 0 0 0 0 0 0 0 0 0 0 0 0 0 0 0 0 0 0 0 0 0 0 0 0 0 0 0 0 0 0 0 0 0 0 0 0 0 0 0 0 0 0 0 0 0 0 0 0 0 0 0 0 0 0 0 0 0 0 0 0 0 0 0 0 0 0 0 0 0 0 0 0 0 0 0 0 0 0 0 0 0 0 0 0 0 0 0 0 0 0 0 0 0 0 0 0 0 0 0 0 0 0 0 0 0 0 0 0 0 0 0 0 0 0 0 0 0 0 0 0 0 0 0 0 0 0 0 0 0 0 0 0 0 0 0 0 0 0 0 0 0 0 0 0 0 0 0 0 0 0 0 0 0 0 0 0 0 0 0 0 0 0 0 0 0 0 0 0 0 0 0 0 0 0 0 0 0 0 0 0 0 0 0 0 0 0 0 0 0 0 0 0 0 0 0 0 0 0 0 0 0 0 0 0 0 0 0 0 0 0 0 0 0 0 0 0 0 0 0 0 0 0 0 0 0 0 0 0 0 0 0 0 0 0 0 0 0 0 0 0 0 0 0 0 0 0 0 0 0 0 0 0 0 0 0 0 0 0 0 0 0 0 0 0 0 0 0 0 0 0 0 0 0 0 0 0 0 0 0 0 0 0 0 0 0 0 0 0 0 0 0 0 0 0 0 0 0 0 0 0 0 0 0 0 0 0 0 0 0 0 0 0 0 0 0 0 0 0 0 0 0 0 0 0 0 0 0 0 0 0 0 0 0 0 0 0 0 0 0 0 0 0 0 0 0 0 0 0 0 0 0 0 0 0 0 0 0 0 0 0 0 0 0 0 0 0 0 0 0 0 0 0 0 0 0 0 0 0 0 0 0 0 0 0 0 0 0 0 0 0 0 0 0 0 0 0 0 0 0 0 0 0 0 0 0 0 0 0 0 0 0 0 0 0 0 0 0 0 0 0 0 0 0 0 0 0 0 0 0 0 0 0 0 0 0 0 0 0 0 0 0 0 0 0 0 0 0 0 0 0 0 0 0 0 0 0 0 0 0 0 0 0 0 0 0 0 0 0 0 0 0 0 0 0 0 0 0 0 0 0 0 0 0 0 0 0 0 0 0 0 0 0 0 0 0 0 0 0 0 0 0 0 0 0 0 0 0 0 0 0 0 0 0 0 0 0 0 0 0 0 0 0 0 0 0 0 0 0 0 0 0 0 0 0 0 0 0 0 0 0 0 0 0 0 0 0 0 0 0 0 0 0 0 0 0 0 0 0 0 0 0 0 0 0 0 0 0 0 0 0 0 0 0 0 0 0 0 0 0 0 0 0 0 0 0 0 0 0 0 0 0 0 0 0 0 0 0 0 0 0 0 0 0 0 0 0 0 0 0 0 0 0 0 0 0 0 0 0 0 0 0 0 0 0 0 0 0 0 0 0 0 0 0 0 0 0 0 0 0 0 0 0 0 0 0 0 0 0 0 0 0 0 0 0 0 0 0 0 0 0 0 0 0 0 0 0 0 0 0 0 0 0 0 0 0 0 0 0 0 0 0 0 0 0 0 0 0 0 0 0 0 0 0 0 0 0 0 0 0 0 0 0 0 0 0 0 0 0 0 0 0 0 0 0 0 0 0 0 0 0 0 0 0 0 0 0 0 0 0 0 0 0 0 0 0 0 0 0 0 0 0 0 0 0 0 0 0 0 0 0 0 0 0 0 0 0 0 0 0 0 0 0 0 0 0 0 0 0 0 0 0 0 0 0 0 0 0 0 0 0 0 0 0 0 0 0 0 0 0 0 0 0 0 0 0 0 0 0 0 0 0 0 0 0 0 0 0 0 0 0 0 0 0 0 0 0 0 0 0 0 0 0 0 0 0 0 0 0 0 0 0 0 0 0 0 0 0 0 0 0 0 0 0 0 0 0 0 0 0 0 0 0 0 0 0 0 0 0 0 0 0 0 0 0 0 0 0 0 0 0 0 0 0 0 0 0 0 0 0 0 0 0 0 0 0 0 0 0 0 0 0 0 0 0 0 0 0 0 0 0 0 0 0 0 0 0 0 0 0 0 0 0 0 0 0 0 0 0 0 0 0 0 0 0 0 0 0 0 0 0 0 0 0 0 0 0 0 0 0 0 0 0 0 0 0 0 0 0 0 0 0 0 0 0 0 0 0 0 0 0 0 0 0 0 0 0 0 0 0 0 0 0 0 0 0 0 0 0 0 0 0 0 0 0 0 0 0 0 0 0 0 0 0 0 0 0 0 0 0 0 0 0 0 0 0 0 0 0 0 0 0 0 0 0 0 0 0 0 0 0 0 0 0 0 0 0 0 0 0 0 0 0 0 0 0 0 0 0 0 0 0 0 0 0 0 0 0 0 0 0 0 0 0 0 0 0 0 0 0 0 0 0 0 0 0 0 0 0 0 0 0 0 0 0 0 0 0 0 0 0 0 0 0 0 0 0 0 0 0 0 0 0 0 0 0 0 0 0 0 0 0 0 0 0 0 0 0 0 0 0 0 0 0 0 0 0 0 0 0 0 0 0 0 0 0 0 0 0 0 0 0 0 0 0 0 0 0 0 0 0 0 0 0 0 0 0 0 0 0 0 0 0 0 0 0 0 0 0 0 0 0 0 0 0 0 0 0 0 0 0 0 0 0 0 0 0 0 0 0 0 0 0 0 0 0 0 0 0 0 0 0 0 0 0 0 0 0 0 0 0 0 0 0 0 0 0 0 0 0 0 0 0 0 0 0 0 0 0 0 0 0 0 0 0 0 0 0 0 0 0 0 0 0 0 0 0 0 0 0 0 0 0 0 0 0 0 0 0 0 0 0 0 0 0 0 0 0 0 0 0 0 0 0 0 0 0 0 0 0 0 0 0 0 0 0 0 0 0 0 0 0 0 0 0 0 0 0 0 0 0 0 0 0 0 0 0 0 0 0 0 0 0 0 0 0 0 0 0 0 0 0 0 0 0 0 0 0 0 0 0 0 0 0 0 0 0 0 0 0 0 0 0 0 0 0 0 0 0 0 0 0 0 0 0 0 0 0 0 0 0 0 0 0 0 0 0 0 0 0 0 0 0 0 0 0 0 0 0 0 0 0 0 0 0 0 0 0 0 0 0 0 0 0 0 0 0 0 0 0 0 0 0 0 0 0 0 0 0 0 0 0 0 0 0 0 0 0 0 0 0 0 0 0 0 0 0 0 0 0 0 0 0 0 0 0 0 0 0 0 0 0 0 0 0 0 0 0 0 0 0 0 0 0 0 0 0 0 0 0 0 0 0 0 0 0 0 0 0 0 0 0 0 0 0 0 0 0 0 0 0 0 0 0 0 0 0 0 0 0 0 0 0 0 0 0 0 0 0 0 0 0 0 0 0 0 0 0 0 0 0 0 0 0 0 0 0 0 0 0 0 0 0 0 0 0 0 0 0 0 0 0 0 0 0 0 0 0 0 0 0 0 0 0 0 0 0 0 0 0 0 0 0 0 0 0 0 0 0 0 0 0 0 0 0 0 0 0 0 0 0 0 0 0 0 0 0 0 0 0 0 0 0 0 0 0 0 0 0 0 0 0 0 0 0 0 -2.93197 0.00681634 -0.00046501 -3.89794e-05 -0.00261224 1.39345e-06 -0.0145268 0.0150566 -0.0208785 0.0212464 -0.768007 -0.769279 -0.764861 -0.766328 1.53708 1.53583 1.5484 1.54726 -0.000175618 0.000186163 -0.000270394 0.000265233 0.000715716 0.000720892 0.000207524 0.000213151 3.72256e-05 2.58061e-05 0.000562408 0.000559464 0 0 0 0 0 0 0 0 0 0 0 0 0 0 0 0 0 0 0 0 0 0 0 0 0 0 0 0 0 0 0 0 0 0 0 0 0 0 0 0 0 0 0 0 0 0 0 0 0 0 0 0 0 0 0 0 0 0 0 0 0.015 -0.016 0.022 -0.022 0.77 0.77 0.77 0.77 -1.54 -1.54 -1.55 -1.55 0.015 -0.016 0.022 -0.022 0.77 0.77 0.77 0.77 -1.54 -1.54 -1.55 -1.55 0 0 0 -2.93197 0.00681634 -0.00046501 -3.89794e-05 -0.00261224 1.39345e-06 -0.0145268 0.0150566 -0.0208785 0.0212464 -0.768007 -0.769279 -0.764861 -0.766328 1.53708 1.53583 1.5484 1.54726 -0.000175618 0.000186163 -0.000270394 0.000265233 0.000715716 0.000720892 0.000207524 0.000213151 3.72256e-05 2.58061e-05 0.000562408 0.000559464 0 0 0 0 0 0 0 0 0 0 0 0 0 0 0 0 0 0 0 0 0 0 0 0 0 0 0 0 0 0 0 0 0 0 0 0 0 0 0 0 0 0 0 0 0 0 0 0 0 0 0 0 0 0 0 0 0 0 0 0 0.015 -0.016 0.022 -0.022 0.77 0.77 0.77 0.77 -1.54 -1.54 -1.55 -1.55 0.015 -0.016 0.022 -0.022 0.77 0.77 0.77 0.77 -1.54 -1.54 -1.55 -1.55 0 0 0 -2.93195 0.00701869 -0.000480157 -0.0151093 -0.191948 -0.0169512 -0.0145687 0.015065 -0.0209809 0.0215089 -0.76795 -0.769197 -0.765223 -0.766448 1.5367 1.53543 1.55008 1.54789 -0.00349709 0.000104735 -0.00916107 0.0251879 0.00281095 0.00533944 -0.0370911 -0.0128918 -0.0387065 -0.0406487 0.165653 0.0611794 0 0 0 0 0 0 0 0 0 0 0 0 0 0 0 0 0 0 0 0 0 0 0 0 -0.0145268 0.0150566 -0.0208785 0.0212464 -0.768007 -0.769279 -0.764861 -0.766328 1.53708 1.53583 1.5484 1.54726 0 0 0 0 0 0 0 0 0 0 0 0 -0.000175618 0.000186163 -0.000270394 0.000265233 0.000715716 0.000720892 0.000207524 0.000213151 3.72256e-05 2.58061e-05 0.000562408 0.000559464 0.015 -0.016 0.022 -0.022 0.77 0.77 0.77 0.77 -1.54 -1.54 -1.55 -1.55 0.129455 -0.163774 -0.800369 1.30191 -0.520673 -0.598804 0.747052 1.65157 -3.62345 -3.85053 1.1592 0.175272 0 0 0 -2.93175 0.00942015 -0.000602114 -0.0230456 -0.834489 -0.0685987 -0.0148864 0.0150955 -0.0226636 0.0250005 -0.767628 -0.768604 -0.768551 -0.767006 1.53182 1.53038 1.56607 1.55333 -0.00833446 0.00239353 -0.0655802 0.1417 0.0105138 0.0187058 -0.0863911 0.0339554 -0.167984 -0.171867 0.480271 0.0819157 0 0 0 0 0 0 0 0 0 0 0 0 -0.0145268 0.0150566 -0.0208785 0.0212464 -0.768007 -0.769279 -0.764861 -0.766328 1.53708 1.53583 1.5484 1.54726 -0.0145687 0.015065 -0.0209809 0.0215089 -0.76795 -0.769197 -0.765223 -0.766448 1.5367 1.53543 1.55008 1.54789 -0.000175618 0.000186163 -0.000270394 0.000265233 0.000715716 0.000720892 0.000207524 0.000213151 3.72256e-05 2.58061e-05 0.000562408 0.000559464 -0.00349709 0.000104735 -0.00916107 0.0251879 0.00281095 0.00533944 -0.0370911 -0.0128918 -0.0387065 -0.0406487 0.165653 0.0611794 0.129455 -0.163774 -0.800369 1.30191 -0.520673 -0.598804 0.747052 1.65157 -3.62345 -3.85053 1.1592 0.175272 0.721816 -0.341475 -1.50571 2.21699 -0.54061 -0.598848 1.45861 2.67892 -6.10916 -7.32599 3.69961 1.45011 0 0 0 -2.93136 0.0154829 -0.000477667 0.00118762 -2.02868 -0.113319 -0.0150405 0.0154711 -0.0265869 0.0361355 -0.767157 -0.767767 -0.776006 -0.761917 1.52027 1.51882 1.60945 1.56041 -0.00684633 0.00755634 -0.135021 0.358735 0.0109993 0.0234369 -0.27374 0.172011 -0.375128 -0.37882 1.66098 0.364829 -0.0145268 0.0150566 -0.0208785 0.0212464 -0.768007 -0.769279 -0.764861 -0.766328 1.53708 1.53583 1.5484 1.54726 -0.0145687 0.015065 -0.0209809 0.0215089 -0.76795 -0.769197 -0.765223 -0.766448 1.5367 1.53543 1.55008 1.54789 -0.0148864 0.0150955 -0.0226636 0.0250005 -0.767628 -0.768604 -0.768551 -0.767006 1.53182 1.53038 1.56607 1.55333 -0.00349709 0.000104735 -0.00916107 0.0251879 0.00281095 0.00533944 -0.0370911 -0.0128918 -0.0387065 -0.0406487 0.165653 0.0611794 -0.00833446 0.00239353 -0.0655802 0.1417 0.0105138 0.0187058 -0.0863911 0.0339554 -0.167984 -0.171867 0.480271 0.0819157 0.721816 -0.341475 -1.50571 2.21699 -0.54061 -0.598848 1.45861 2.67892 -6.10916 -7.32599 3.69961 1.45011 1.10932 -0.640498 -2.51955 2.36342 -0.717023 -0.585746 2.09329 3.45846 -8.02901 -9.50657 5.15141 2.1415
