cmd 0 0 0
base_rpy 2.64973 0.0345718 -0.0356862
projected_gravity -0.0345649 0.0356573 -0.998766
body_omega -3.5323 -3.18035 0.301236
omega_world -1.62838 -4.46604 0.292174
base_quat_wxyz 0.969687 -0.0130951 -0.0211055 0.243087
base_rot_mat 0.880927 -0.470883 -0.0472979 0.471988 0.881475 0.0151355 0.0345649 -0.0356573 0.998766
joint_pos_policy -0.0102495 -0.0669636 -0.167327 0.0174374 -0.808662 -0.815937 -0.819375 -0.830893 1.57492 1.58974 1.55702 1.55688
joint_vel_policy 0.569847 -1.4154 -1.66147 -0.107527 -0.633473 -0.917209 -0.510007 -0.704477 0.777656 1.48576 -0.462339 0.227129
obs_contract cmd:3 base_rpy:3 body_omega:3 joint_pos:12 joint_vel:12 joint_pos_history:36 joint_vel_history:24 action_history:24
parity_build_id 2026-02-16-rpy-from-quat-history-abs-noise0-quat-fallback-rpy-actionhist-zero-delay1-rpy-step0-pi-canonical-neg
base_rpy_mode legacy_xyzw_from_rotmat_step0_pi_canonical_neg
history_frame_push_mode single_first_step
action_history_mode training_parity_zero_seed_delay1
joint_pos_history -0.0161731 0.0142154 -0.0250164 0.0209765 -0.768179 -0.76884 -0.768119 -0.768854 1.53709 1.53471 1.55243 1.54886 -0.0242285 0.00532884 -0.053396 0.0173577 -0.772232 -0.76939 -0.782656 -0.783043 1.53515 1.52496 1.5681 1.55701 -0.0277554 -0.0125164 -0.0948428 0.0185229 -0.782805 -0.779806 -0.796526 -0.79952 1.54424 1.53417 1.57146 1.55432
pos_hist -0.0161731 0.0142154 -0.0250164 0.0209765 -0.768179 -0.76884 -0.768119 -0.768854 1.53709 1.53471 1.55243 1.54886 -0.0242285 0.00532884 -0.053396 0.0173577 -0.772232 -0.76939 -0.782656 -0.783043 1.53515 1.52496 1.5681 1.55701 -0.0277554 -0.0125164 -0.0948428 0.0185229 -0.782805 -0.779806 -0.796526 -0.79952 1.54424 1.53417 1.57146 1.55432
joint_vel_history -0.200701 -0.219568 -0.789241 -0.0294003 -0.103827 -0.0167774 -0.316854 -0.335626 -0.0678762 -0.265232 0.26838 0.0760774 0.0226076 -0.655652 -1.17859 0.040639 -0.398396 -0.456013 -0.376496 -0.477627 0.502156 0.635206 -0.0600988 -0.144294
vel_hist -0.200701 -0.219568 -0.789241 -0.0294003 -0.103827 -0.0167774 -0.316854 -0.335626 -0.0678762 -0.265232 0.26838 0.0760774 0.0226076 -0.655652 -1.17859 0.040639 -0.398396 -0.456013 -0.376496 -0.477627 0.502156 0.635206 -0.0600988 -0.144294
action_history 1.85163 -2.21236 -3.9984 1.83564 0.0805181 -0.424853 -0.433856 -0.728166 -2.31893 -3.5319 0.632086 -0.0838246 4.409 -4.59279 -4.07113 0.595697 -0.250138 -1.27012 -1.73283 -1.81685 0.383285 1.19623 -0.392649 -0.634543
tgt_hist 1.85163 -2.21236 -3.9984 1.83564 0.0805181 -0.424853 -0.433856 -0.728166 -2.31893 -3.5319 0.632086 -0.0838246 4.409 -4.59279 -4.07113 0.595697 -0.250138 -1.27012 -1.73283 -1.81685 0.383285 1.19623 -0.392649 -0.634543
action_raw 7.10084 -7.23558 -4.0068 -0.280004 -1.0062 -1.63744 -3.21944 -2.63563 4.85937 6.31328 -0.925011 -0.700541
action_offset 1.77521 -1.80889 -1.0017 -0.0700011 -0.251551 -0.409359 -0.804859 -0.658906 1.21484 1.57832 -0.231253 -0.175135
target_joint_pos_policy 1.75981 -1.79291 -1.02383 -0.047558 -1.01852 -1.17764 -1.57072 -1.42611 2.75245 3.11468 1.31663 1.37165
target_joint_pos 1.75981 -1.01852 2.75245 -1.79291 -1.17764 3.11468 -1.02383 -1.57072 1.31663 -0.047558 -1.42611 1.37165
joint_limits_lower -0.51777 -2.6433 0.51876 -0.51777 -2.6433 0.51876 -0.51777 -2.6433 0.51876 -0.51777 -2.6433 0.51876
joint_limits_upper 0.51777 0.31086 2.76408 0.51777 0.31086 2.76408 0.51777 0.31086 2.76408 0.51777 0.31086 2.76408
effort_limits 24 24 36 24 24 36 24 24 36 24 24 36
target_joint_pos_clipped 0.51777 -1.01852 2.75245 -0.51777 -1.17764 2.76408 -0.51777 -1.57072 1.31663 -0.047558 -1.42611 1.37165
pd_tau_raw 35.0022 -3.75375 23.0063 -33.5281 -6.59211 29.4589 -15.9671 -14.67 -4.48418 -1.22464 -11.4112 -3.86357
pd_tau_clipped 24 -3.75375 23.0063 -24 -6.59211 29.4589 -15.9671 -14.67 -4.48418 -1.22464 -11.4112 -3.86357
obs_flat 0 0 0 2.64973 0.0345718 -0.0356862 -3.5323 -3.18035 0.301236 -0.0102495 -0.0669636 -0.167327 0.0174374 -0.808662 -0.815937 -0.819375 -0.830893 1.57492 1.58974 1.55702 1.55688 0.569847 -1.4154 -1.66147 -0.107527 -0.633473 -0.917209 -0.510007 -0.704477 0.777656 1.48576 -0.462339 0.227129 -0.0161731 0.0142154 -0.0250164 0.0209765 -0.768179 -0.76884 -0.768119 -0.768854 1.53709 1.53471 1.55243 1.54886 -0.0242285 0.00532884 -0.053396 0.0173577 -0.772232 -0.76939 -0.782656 -0.783043 1.53515 1.52496 1.5681 1.55701 -0.0277554 -0.0125164 -0.0948428 0.0185229 -0.782805 -0.779806 -0.796526 -0.79952 1.54424 1.53417 1.57146 1.55432 -0.200701 -0.219568 -0.789241 -0.0294003 -0.103827 -0.0167774 -0.316854 -0.335626 -0.0678762 -0.265232 0.26838 0.0760774 0.0226076 -0.655652 -1.17859 0.040639 -0.398396 -0.456013 -0.376496 -0.477627 0.502156 0.635206 -0.0600988 -0.144294 1.85163 -2.21236 -3.9984 1.83564 0.0805181 -0.424853 -0.433856 -0.728166 -2.31893 -3.5319 0.632086 -0.0838246 4.409 -4.59279 -4.07113 0.595697 -0.250138 -1.27012 -1.73283 -1.81685 0.383285 1.19623 -0.392649 -0.634543 0 0 0 0 0 0 0 0 0 0 0 0 0 0 0 0 0 0 0 0 0 0 0 0 0 0 0 0 0 0 0 0 0 0 0 0 0 0 0 0 0 0 0 0 0 0 0 0 0 0 0 0 0 0 0 0 0 0 0 0 0 0 0 0 0 0 0 0 0 0 0 0 0 0 0 0 0 0 0 0 0 0 0 0 0 0 0 0 0 0 0 0 0 0 0 0 0 0 0 0 0 0 0 0 0 0 0 0 0 0 0 0 0 0 0 0 0 0 0 0 0 0 0 0 0 0 0 0 0 0 0 0 0 0 0 0 0 0 0 0 0 0 0 0 0 0 0 0 0 0 0 0 0 0 0 0 0 0 0 0 0 0 0 0 0 0 0 0 0 0 0 0 0 0 0 0 0 0 0 0 0 0 0 0 0 0 0 0 0 0 0 0 0 0 0 0 0 0 0 0 0 0 0 0 0 0 0 0 0 0 0 0 0 0 0 0 0 0 0 0 0 0 0 0 0 0 0 0 0 0 0 0 0 0 0 0 0 0 0 0 0 0 0 0 0 0 0 0 0 0 0 0 0 0 0 0 0 0 0 0 0 0 0 0 0 0 0 0 0 0 0 0 0 0 0 0 0 0 0 0 0 0 0 0 0 0 0 0 0 0 0 0 0 0 0 0 0 0 0 0 0 0 0 0 0 0 0 0 0 0 0 0 0 0 0 0 0 0 0 0 0 0 0 0 0 0 0 0 0 0 0 0 0 0 0 0 0 0 0 0 0 0 0 0 0 0 0 0 0 0 0 0 0 0 0 0 0 0 0 0 0 0 0 0 0 0 0 0 0 0 0 0 0 0 0 0 0 0 0 0 0 0 0 0 0 0 0 0 0 0 0 0 0 0 0 0 0 0 0 0 0 0 0 0 0 0 0 0 0 0 0 0 0 0 0 0 0 0 0 0 0 0 0 0 0 0 0 0 0 0 0 0 0 0 0 0 0 0 0 0 0 0 0 0 0 0 0 0 0 0 0 0 0 0 0 0 0 0 0 0 0 0 0 0 0 0 0 0 0 0 0 0 0 0 0 0 0 0 0 0 0 0 0 0 0 0 0 0 0 0 0 0 0 0 0 0 0 0 0 0 0 0 0 0 0 0 0 0 0 0 0 0 0 0 0 0 0 0 0 0 0 0 0 0 0 0 0 0 0 0 0 0 0 0 0 0 0 0 0 0 0 0 0 0 0 0 0 0 0 0 0 0 0 0 0 0 0 0 0 0 0 0 0 0 0 0 0 0 0 0 0 0 0 0 0 0 0 0 0 0 0 0 0 0 0 0 0 0 0 0 0 0 0 0 0 0 0 0 0 0 0 0 0 0 0 0 0 0 0 0 0 0 0 0 0 0 0 0 0 0 0 0 0 0 0 0 0 0 0 0 0 0 0 0 0 0 0 0 0 0 0 0 0 0 0 0 0 0 0 0 0 0 0 0 0 0 0 0 0 0 0 0 0 0 0 0 0 0 0 0 0 0 0 0 0 0 0 0 0 0 0 0 0 0 0 0 0 0 0 0 0 0 0 0 0 0 0 0 0 0 0 0 0 0 0 0 0 0 0 0 0 0 0 0 0 0 0 0 0 0 0 0 0 0 0 0 0 0 0 0 0 0 0 0 0 0 0 0 0 0 0 0 0 0 0 0 0 0 0 0 0 0 0 0 0 0 0 0 0 0 0 0 0 0 0 0 0 0 0 0 0 0 0 0 0 0 0 0 0 0 0 0 0 0 0 0 0 0 0 0 0 0 0 0 0 0 0 0 0 0 0 0 0 0 0 0 0 0 0 0 0 0 0 0 0 0 0 0 0 0 0 0 0 0 0 0 0 0 0 0 0 0 0 0 0 0 0 0 0 0 0 0 0 0 0 0 0 0 0 0 0 0 0 0 0 0 0 0 0 0 0 0 0 0 0 0 0 0 0 0 0 0 0 0 0 0 0 0 0 0 0 0 0 0 0 0 0 0 0 0 0 0 0 0 0 0 0 0 0 0 0 0 0 0 0 0 0 0 0 0 0 0 0 0 0 0 0 0 0 0 0 0 0 0 0 0 0 0 0 0 0 0 0 0 0 0 0 0 0 0 0 0 0 0 0 0 0 0 0 0 0 0 0 0 0 0 0 0 0 0 0 0 0 0 0 0 0 0 0 0 0 0 0 0 0 0 0 0 0 0 0 0 0 0 0 0 0 0 0 0 0 0 0 0 0 0 0 0 0 0 0 0 0 0 0 0 0 0 0 0 0 0 0 0 0 0 0 0 0 0 0 0 0 0 0 0 0 0 0 0 0 0 0 0 0 0 0 0 0 0 0 0 0 0 0 0 0 0 0 0 0 0 0 0 0 0 0 0 0 0 0 0 0 0 0 0 0 0 0 0 0 0 0 0 0 0 0 0 0 0 0 0 0 0 0 0 0 0 0 0 0 0 0 0 0 0 0 0 0 0 0 0 0 0 0 0 0 0 0 0 0 0 0 0 0 0 0 0 0 0 0 0 0 0 0 0 0 0 0 0 0 0 0 0 0 0 0 0 0 0 0 0 0 0 0 0 0 0 0 0 0 0 0 0 0 0 0 0 0 0 0 0 0 0 0 0 0 0 0 0 0 0 0 0 0 0 0 0 0 0 0 0 0 0 0 0 0 0 0 0 0 0 0 0 0 0 0 0 0 0 0 0 0 0 0 0 0 0 0 0 0 0 0 0 0 0 0 0 0 0 0 0 0 0 0 0 0 0 0 0 0 0 0 0 0 0 0 0 0 0 0 0 0 0 0 0 0 0 0 0 0 0 0 0 0 0 0 0 0 0 0 0 0 0 0 0 0 0 0 0 0 0 0 0 0 0 0 0 0 0 0 0 0 0 0 0 0 0 0 0 0 0 0 0 0 0 0 0 0 0 0 0 0 0 0 0 0 0 0 0 0 0 0 0 0 0 0 0 0 0 0 0 0 0 0 0 0 0 0 0 0 0 0 0 0 0 0 0 0 0 0 0 0 0 0 0 0 0 0 0 0 0 0 0 0 0 0 0 0 0 0 0 0 0 0 0 0 0 0 0 0 0 0 0 0 0 0 0 0 0 0 0 0 0 0 0 0 0 0 0 0 0 0 0 0 0 0 0 0 0 0 0 0 0 0 0 0 0 0 0 0 0 0 0 0 0 0 0 0 0 0 0 0 0 0 0 0 0 0 0 0 0 0 0 0 0 0 0 0 0 0 0 0 0 0 0 0 0 0 0 0 0 0 0 0 0 0 0 0 0 0 0 0 0 0 0 0 0 0 0 0 0 0 0 0 0 0 0 0 0 0 0 0 0 0 0 0 0 0 0 0 0 0 0 0 0 0 0 0 0 0 0 0 0 0 0 0 0 0 0 0 0 0 0 0 0 0 0 0 0 0 0 0 0 0 0 0 0 0 0 0 0 0 0 0 0 0 0 0 0 0 0 0 0 0 0 0 0 0 0 0 0 0 0 0 0 0 0 0 0 0 0 0 0 0 0 0 0 0 0 0 0 0 0 0 0 0 0 0 0 0 0 0 0 0 0 0 0 0 0 0 0 0 0 0 0 0 0 0 0 0 0 0 0 0 0 0 0 0 0 0 0 0 0 0 0 0 0 0 0 0 0 0 0 0 0 0 0 0 0 0 0 0 0 0 0 0 0 0 0 0 0 0 0 0 0 0 0 0 0 0 0 0 0 0 0 0 0 0 0 0 0 0 0 0 0 0 0 0 0 0 0 0 0 0 0 0 0 0 0 0 0 0 0 0 0 0 0 0 0 0 0 0 0 0 0 0 0 0 0 0 0 0 0 0 0 0 0 0 0 0 0 0 0 0 0 0 0 0 0 0 0 0 0 0 0 0 0 0 0 0 0 0 0 0 0 0 0 0 0 0 0 0 0 0 0 0 0 0 0 0 0 0 0 0 0 0 0 0 0 0 0 0 0 0 0 0 0 0 0 0 0 0 0 0 0 0 0 0 0 0 0 0 0 0 0 0 0 0 0 0 0 0 0 0 0 0 0 0 0 0 0 0 0 0 0 0 0 0 0 0 0 0 0 0 0 0 0 0 0 0 0 0 0 0 0 0 0 0 0 0 0 0 0 0 0 0 0 0 0 0 0 0 0 0 0 0 0 0 0 0 0 0 0 0 0 0 0 0 0 0 0 0 0 0 0 0 0 0 0 0 0 0 0 0 0 0 0 0 0 0 0 0 0 0 0 0 0 0 0 0 0 0 0 0 0 0 0 0 0 0 0 0 0 0 0 0 0 0 0 0 0 0 0 0 0 0 0 0 0 0 0 0 0 0 0 0 0 0 0 0 0 0 0 0 0 0 0 0 0 0 0 0 0 0 0 0 0 0 0 0 0 0 0 0 0 0 0 0 0 0 0 0 0 0 0 0 0 0 0 0 0 0 0 0 0 0 0 0 0 0 0 0 0 0 0 0 0 0 0 0 0 0 0 0 0 0 0 0 0 0 0 0 0 0 0 0 0 0 0 0 0 0 0 0 0 0 0 0 0 0 0 0 0 0 0 0 0 0 0 0 0 0 0 0 0 0 0 0 0 0 0 0 0 0 0 0 0 0 0 0 0 0 0 0 0 0 0 0 0 0 0 0 0 0 0 0 0 0 0 0 0 0 0 0 0 0 0 0 0 0 0 0 0 0 0 0 0 0 0 0 0 0 0 0 0 0 0 0 0 0 0 0 0 0 0 0 0 0 0 0 0 0 0 0 0 0 0 0 0 0 0 0 0 0 0 0 0 0 0 0 0 0 0 0 0 0 0 0 0 0 0 0 0 0 0 0 0 0 0 0 0 0 0 0 0 0 0 0 0 0 0 0 0 0 0 0 0 0 0 0 0 0 0 0 0 0 0 0 0 0 0 0 0 0 0 0 0 0 0 0 0 0 0 0 0 0 0 0 0 0 0 0 0 0 0 0 0 0 0 0 0 0 0 0 0 0 0 0 0 0 0 0 0 0 0 0 0 0 0 0 0 0 0 0 0 0 0 0 0 0 0 0 0 0 0 0 0 0 0 0 0 0 0 0 0 0 0 0 0 0 0 0 0 0 0 0 0 0 0 0 0 0 0 0 0 0 0 0 0 0 0 0 0 0 0 0 0 0 0 0 0 0 0 0 0 0 0 0 0 0 0 0 0 0 0 0 0 0 0 0 0 0 0 0 0 0 0 0 0 0 0 0 0 0 0 0 0 0 0 0 0 0 0 0 0 0 0 0 0 0 0 0 0 0 0 0 0 0 0 0 0 0 0 0 0 0 0 0 0 0 0 0 0 0 0 0 0 0 0 0 0 0 0 0 0 0 0 0 0 0 0 0 0 0 0 0 0 0 0 0 0 0 0 0 0 0 0 0 0 0 0 0 0 0 0 0 0 0 0 0 0 0 0 0 0 0 0 0 0 0 0 0 0 0 0 0 0 0 0 0 0 0 0 0 0 0 0 0 0 0 0 0 0 0 0 0 0 0 0 0 0 0 0 0 0 0 0 0 0 0 0 0 0 0 0 0 0 0 0 0 0 0 0 0 0 0 0 0 0 0 0 0 0 0 0 0 0 0 0 0 0 0 0 0 0 0 0 0 0 0 0 0 0 0 0 0 0 0 0 0 0 0 0 0 0 0 0 0 0 0 0 0 0 0 0 0 0 0 0 0 0 0 0 0 0 0 0 0 0 0 0 0 0 0 0 0 0 0 0 0 0 0 0 0 0 0 0 0 0 0 0 0 0 0 0 0 0 0 0 0 0 0 0 0 0 0 0 0 0 0 0 0 0 0 0 0 0 0 0 0 0 0 0 0 0 0 0 0 0 0 0 0 0 0 0 0 0 0 0 0 0 0 0 0 0 0 0 0 0 0 0 0 0 0 0 0 0 0 0 0 0 0 0 0 0 0 0 0 0 0 0 0 0 0 0 0 0 0 0 0 0 0 0 0 0 0 0 0 0 0 0 0 0 0 0 0 0 0 0 0 0 0 0 0 0 0 0 0 0 0 0 0 0 0 0 0 0 0 0 0 0 0 0 0 0 0 0 0 0 0 0 0 0 0 0 0 0 0 0 0 0 0 0 0 0 0 0 0 0 0 0 0 0 0 0 0 0 0 0 0 0 0 0 0 0 0 0 0 0 0 0 0 0 0 0 0 0 0 0 0 0 0 0 0 0 0 0 0 0 0 0 0 0 0 0 0 0 0 0 0 0 0 0 0 0 0 0 0 0 0 0 0 0 0 0 0 0 0 0 0 0 0 0 0 0 0 0 0 0 0 0 0 0 0 0 0 0 0 0 0 0 0 0 0 0 0 0 0 0 0 0 0 0 0 0 0 0 0 0 0 0 0 0 0 0 0 0 0 0 0 0 0 0 0 0 0 0 0 0 0 0 0 0 0 0 0 0 0 0 0 0 0 0 0 0 0 0 0 0 0 0 0 0 0 0 0 0 0 0 0 0 0 0 0 0 0 0 0 0 0 0 0 0 0 0 0 0 0 0 0 0 0 0 0 0 0 0 0 0 0 0 0 0 0 0 0 0 0 0 0 0 0 0 0 0 0 0 0 0 0 0 0 0 0 0 0 0 0 0 0 0 0 0 0 0 0 0 0 0 0 0 0 0 0 0 0 0 0 0 0 0 0 0 0 0 0 0 0 0 0 0 0 0 0 0 0 0 0 0 0 0 0 0 0 0 0 0 0 0 0 0 0 0 0 0 0 0 0 0 0 0 0 0 0 0 0 0 0 0 0 0 0 0 0 0 0 0 0 0 0 0 0 0 0 0 0 0 0 0 0 0 0 0 0 0 0 0 0 0 0 0 0 0 0 0 0 0 0 0 0 0 0 0 0 0 0 0 0 0 0 0 0 0 0 0 0 0 0 0 0 0 0 0 0 0 0 0 0 0 0 0 0 0 0 0 0 0 0 0 0 0 0 0 0 0 0 0 0 0 0 0 0 0 0 0 0 0 0 0 0 0 0 0 0 0 0 0 0 0 0 0 0 0 0 0 0 0 0 0 0 0 0 0 0 0 0 0 0 0 0 0 0 0 0 0 0 0 0 0 0 0 0 0 0 0 0 0 0 0 0 0 0 0 0 0 0 0 0 0 0 0 0 0 0 0 0 0 0 0 0 0 0 0 0 0 0 0 0 0 0 0 0 0 0 0 0 0 0 0 0 0 0 0 0 0 0 0 0 0 0 0 0 0 0 0 0 0 0 0 0 0 0 0 0 0 0 0 0 0 0 0 0 0 0 0 0 0 0 0 0 0 0 0 0 0 0 0 0 0 0 0 0 0 0 0 0 0 0 0 0 0 0 0 0 0 0 0 0 0 0 0 0 0 0 0 0 0 0 0 0 0 0 0 0 0 0 0 0 0 0 0 0 0 0 0 0 0 0 0 0 0 0 0 0 0 0 0 0 0 0 0 0 0 0 0 0 0 0 0 0 0 0 0 0 0 0 0 0 0 0 0 0 0 0 0 0 0 0 0 0 0 0 0 0 0 0 0 0 0 0 0 0 0 0 0 0 0 0 0 0 0 0 0 0 0 0 0 0 0 0 0 0 0 0 0 0 0 0 0 0 0 0 0 0 0 0 0 0 0 0 0 0 0 0 0 0 0 0 0 0 0 0 0 0 0 0 0 0 0 0 0 0 0 0 0 0 0 0 0 0 0 0 0 0 0 0 0 0 0 0 0 0 0 0 0 0 0 0 0 0 0 0 0 0 0 0 0 0 0 0 0 0 0 0 0 0 0 0 0 0 0 0 0 0 0 0 0 0 0 0 0 0 0 0 0 0 0 0 0 0 0 0 0 0 0 0 0 0 0 0 0 0 0 0 0 0 0 0 0 0 0 0 0 0 0 0 0 0 0 0 0 0 0 0 0 0 0 0 0 0 0 0 0 0 0 0 0 0 0 0 0 0 0 0 0 0 0 0 0 0 0 0 0 0 0 0 0 0 0 0 0 0 0 0 0 0 0 0 0 0 0 0 0 0 0 0 0 0 0 0 0 0 0 0 0 0 0 0 0 0 0 0 0 0 0 0 0 0 0 0 0 0 0 0 0 0 0 0 0 0 0 0 0 0 0 0 0 0 0 0 0 0 0 0 0 0 0 0 0 0 0 0 0 0 0 0 0 0 0 0 0 0 0 0 0 0 0 0 0 0 0 0 0 0 0 0 0 0 0 0 0 0 0 0 0 0 0 0 0 0 0 0 0 0 0 0 0 0 0 0 0 0 0 0 0 0 0 0 0 0 0 0 0 0 0 0 0 0 0 0 0 0 0 0 0 0 0 0 0 0 0 0 0 0 0 0 0 0 0 0 0 0 0 0 0 0 0 0 0 0 0 0 0 0 0 0 0 0 0 0 0 0 0 0 0 0 0 0 0 0 0 0 0 0 0 0 0 0 0 0 0 0 0 0 0 0 0 0 0 0 0 0 0 0 0 0 0 0 0 0 0 0 0 0 0 0 0 0 0 0 0 0 0 0 0 0 0 0 0 0 0 0 0 0 0 0 0 0 0 0 0 0 0 0 0 0 0 0 0 0 0 0 0 0 0 0 0 0 0 0 0 0 0 0 0 0 0 0 0 0 0 0 0 0 0 0 0 0 0 0 0 0 0 0 0 0 0 0 0 0 0 0 0 0 0 0 0 0 0 0 0 0 0 0 0 0 0 0 0 0 0 0 0 0 0 0 0 0 0 0 0 0 0 0 0 0 0 0 0 0 0 0 0 0 0 0 0 0 0 0 0 0 0 0 0 0 0 0 0 0 0 0 0 0 0 0 0 0 0 0 0 0 0 0 0 0 0 0 0 0 0 0 0 0 0 0 0 0 0 0 0 0 0 0 0 0 0 0 0 0 0 0 0 0 0 0 0 0 0 0 0 0 0 0 0 0 0 0 0 0 0 0 0 0 0 0 0 0 0 0 0 0 0 0 0 0 0 0 0 0 0 0 0 0 0 0 0 0 0 0 0 0 0 0 0 0 0 0 0 0 0 0 0 0 0 0 0 0 0 0 0 0 0 0 0 0 0 0 0 0 0 0 0 0 0 0 0 0 0 0 0 0 0 0 0 0 0 0 0 0 0 0 0 0 0 0 0 0 0 0 0 0 0 0 0 0 0 0 0 0 0 0 0 0 0 0 0 0 0 0 0 0 0 0 0 0 0 0 0 0 0 0 0 0 0 0 0 2.65346 0.00665409 -0.000430608 -7.07117e-06 0.00123802 1.51315e-05 -0.0149568 0.0155628 -0.0214926 0.0217804 -0.767582 -0.76878 -0.76531 -0.766637 1.53729 1.53606 1.54817 1.54714 -0.000119812 0.000112896 -0.000172557 0.000177996 -0.000198543 -0.000210453 -0.00016541 -0.000173405 3.2965e-05 3.43546e-05 -0.000272295 -0.000278565 -0.0149568 0.0155628 -0.0214926 0.0217804 -0.767582 -0.76878 -0.76531 -0.766637 1.53729 1.53606 1.54817 1.54714 -0.0149568 0.0155628 -0.0214926 0.0217804 -0.767582 -0.76878 -0.76531 -0.766637 1.53729 1.53606 1.54817 1.54714 -0.0149568 0.0155628 -0.0214926 0.0217804 -0.767582 -0.76878 -0.76531 -0.766637 1.53729 1.53606 1.54817 1.54714 -0.000119812 0.000112896 -0.000172557 0.000177996 -0.000198543 -0.000210453 -0.00016541 -0.000173405 3.2965e-05 3.43546e-05 -0.000272295 -0.000278565 -0.000119812 0.000112896 -0.000172557 0.000177996 -0.000198543 -0.000210453 -0.00016541 -0.000173405 3.2965e-05 3.43546e-05 -0.000272295 -0.000278565 0 0 0 0 0 0 0 0 0 0 0 0 0 0 0 0 0 0 0 0 0 0 0 0 0 0 0 2.65338 0.00737009 -0.00170192 -0.828101 -0.471053 0.0533391 -0.0161731 0.0142154 -0.0250164 0.0209765 -0.768179 -0.76884 -0.768119 -0.768854 1.53709 1.53471 1.55243 1.54886 -0.0790102 -0.08786 -0.230145 -0.0520537 -0.0385529 -0.00363377 -0.183488 -0.144105 -0.0136074 -0.0888956 0.275085 0.112718 -0.0149568 0.0155628 -0.0214926 0.0217804 -0.767582 -0.76878 -0.76531 -0.766637 1.53729 1.53606 1.54817 1.54714 -0.0149568 0.0155628 -0.0214926 0.0217804 -0.767582 -0.76878 -0.76531 -0.766637 1.53729 1.53606 1.54817 1.54714 -0.0149568 0.0155628 -0.0214926 0.0217804 -0.767582 -0.76878 -0.76531 -0.766637 1.53729 1.53606 1.54817 1.54714 -0.000119812 0.000112896 -0.000172557 0.000177996 -0.000198543 -0.000210453 -0.00016541 -0.000173405 3.2965e-05 3.43546e-05 -0.000272295 -0.000278565 -0.000119812 0.000112896 -0.000172557 0.000177996 -0.000198543 -0.000210453 -0.00016541 -0.000173405 3.2965e-05 3.43546e-05 -0.000272295 -0.000278565 0 0 0 0 0 0 0 0 0 0 0 0 0 0 0 0 0 0 0 0 0 0 0 0 0 0 0 2.65267 0.0127132 -0.0102382 -2.13485 -1.48545 0.182611 -0.0242285 0.00532884 -0.053396 0.0173577 -0.772232 -0.76939 -0.782656 -0.783043 1.53515 1.52496 1.5681 1.55701 -0.200701 -0.219568 -0.789241 -0.0294003 -0.103827 -0.0167774 -0.316854 -0.335626 -0.0678762 -0.265232 0.26838 0.0760774 -0.0149568 0.0155628 -0.0214926 0.0217804 -0.767582 -0.76878 -0.76531 -0.766637 1.53729 1.53606 1.54817 1.54714 -0.0149568 0.0155628 -0.0214926 0.0217804 -0.767582 -0.76878 -0.76531 -0.766637 1.53729 1.53606 1.54817 1.54714 -0.0161731 0.0142154 -0.0250164 0.0209765 -0.768179 -0.76884 -0.768119 -0.768854 1.53709 1.53471 1.55243 1.54886 -0.000119812 0.000112896 -0.000172557 0.000177996 -0.000198543 -0.000210453 -0.00016541 -0.000173405 3.2965e-05 3.43546e-05 -0.000272295 -0.000278565 -0.0790102 -0.08786 -0.230145 -0.0520537 -0.0385529 -0.00363377 -0.183488 -0.144105 -0.0136074 -0.0888956 0.275085 0.112718 0 0 0 0 0 0 0 0 0 0 0 0 2.14894 -2.67359 -3.70838 1.23766 0.0098973 -0.293775 -0.852327 -1.4088 -1.42218 -2.26929 0.442114 -0.291115 0 0 0 2.65161 0.0205512 -0.0201512 -2.67992 -2.22699 0.271005 -0.0277554 -0.0125164 -0.0948428 0.0185229 -0.782805 -0.779806 -0.796526 -0.79952 1.54424 1.53417 1.57146 1.55432 0.0226076 -0.655652 -1.17859 0.040639 -0.398396 -0.456013 -0.376496 -0.477627 0.502156 0.635206 -0.0600988 -0.144294 -0.0149568 0.0155628 -0.0214926 0.0217804 -0.767582 -0.76878 -0.76531 -0.766637 1.53729 1.53606 1.54817 1.54714 -0.0161731 0.0142154 -0.0250164 0.0209765 -0.768179 -0.76884 -0.768119 -0.768854 1.53709 1.53471 1.55243 1.54886 -0.0242285 0.00532884 -0.053396 0.0173577 -0.772232 -0.76939 -0.782656 -0.783043 1.53515 1.52496 1.5681 1.55701 -0.0790102 -0.08786 -0.230145 -0.0520537 -0.0385529 -0.00363377 -0.183488 -0.144105 -0.0136074 -0.0888956 0.275085 0.112718 -0.200701 -0.219568 -0.789241 -0.0294003 -0.103827 -0.0167774 -0.316854 -0.335626 -0.0678762 -0.265232 0.26838 0.0760774 2.14894 -2.67359 -3.70838 1.23766 0.0098973 -0.293775 -0.852327 -1.4088 -1.42218 -2.26929 0.442114 -0.291115 1.85163 -2.21236 -3.9984 1.83564 0.0805181 -0.424853 -0.433856 -0.728166 -2.31893 -3.5319 0.632086 -0.0838246 0 0 0 2.64973 0.0345718 -0.0356862 -3.5323 -3.18035 0.301236 -0.0102495 -0.0669636 -0.167327 0.0174374 -0.808662 -0.815937 -0.819375 -0.830893 1.57492 1.58974 1.55702 1.55688 0.569847 -1.4154 -1.66147 -0.107527 -0.633473 -0.917209 -0.510007 -0.704477 0.777656 1.48576 -0.462339 0.227129 -0.0161731 0.0142154 -0.0250164 0.0209765 -0.768179 -0.76884 -0.768119 -0.768854 1.53709 1.53471 1.55243 1.54886 -0.0242285 0.00532884 -0.053396 0.0173577 -0.772232 -0.76939 -0.782656 -0.783043 1.53515 1.52496 1.5681 1.55701 -0.0277554 -0.0125164 -0.0948428 0.0185229 -0.782805 -0.779806 -0.796526 -0.79952 1.54424 1.53417 1.57146 1.55432 -0.200701 -0.219568 -0.789241 -0.0294003 -0.103827 -0.0167774 -0.316854 -0.335626 -0.0678762 -0.265232 0.26838 0.0760774 0.0226076 -0.655652 -1.17859 0.040639 -0.398396 -0.456013 -0.376496 -0.477627 0.502156 0.635206 -0.0600988 -0.144294 1.85163 -2.21236 -3.9984 1.83564 0.0805181 -0.424853 -0.433856 -0.728166 -2.31893 -3.5319 0.632086 -0.0838246 4.409 -4.59279 -4.07113 0.595697 -0.250138 -1.27012 -1.73283 -1.81685 0.383285 1.19623 -0.392649 -0.634543
