cmd 0 0 0
base_rpy -0.0112008 0.15453 0.00879638
projected_gravity 0.153916 0.0110671 -0.988022
body_omega 0.157793 4.73758 2.48868
omega_world 0.488834 4.76964 2.38216
base_rot_mat 0.987274 -0.0129913 0.1585 0.0111628 0.999861 0.0124207 -0.158639 -0.0104933 0.987281
joint_pos_policy -0.410563 -0.563272 1.75707 0.0515265 -0.694675 1.71108 -0.0720693 -0.408568 1.32826 -0.0976904 -0.434114 2.39002
joint_vel_policy -1.06303 0.614162 0.348366 0.253047 0.234442 0.433588 -0.0378466 1.07341 -0.776948 -0.195525 0.628198 1.08002
action_raw -3.78019 1.57736 1.33856 0.404299 0.770339 -1.40589 0.706418 5.66439 -2.94681 -0.743068 1.71853 4.92709
action_offset -0.945049 0.394339 0.334641 0.101075 0.192585 -0.351473 0.176604 1.4161 -0.736702 -0.185767 0.429632 1.23177
target_joint_pos -0.960049 -0.375661 1.87464 0.117075 -0.577415 1.18853 0.154604 0.646098 0.813298 -0.163767 -0.340368 2.78177
joint_limits_lower -0.51777 -2.6433 0.51876 -0.51777 -2.6433 0.51876 -0.51777 -2.6433 0.51876 -0.51777 -2.6433 0.51876
joint_limits_upper 0.51777 0.31086 2.76408 0.51777 0.31086 2.76408 0.51777 0.31086 2.76408 0.51777 0.31086 2.76408
effort_limits 24 24 36 24 24 36 24 24 36 24 24 36
target_joint_pos_clipped -0.51777 -0.375661 1.87464 0.117075 -0.577415 1.18853 0.154604 0.31086 0.813298 -0.163767 -0.340368 2.76408
pd_tau_raw -10.2456 3.32231 2.10759 1.13383 2.18109 -10.7545 4.55997 20.3419 -9.75533 -1.18467 1.43518 7.07903
pd_tau_clipped -10.2456 3.32231 2.10759 1.13383 2.18109 -10.7545 4.55997 20.3419 -9.75533 -1.18467 1.43518 7.07903
obs_flat 0 0 0 -0.0112008 0.15453 0.00879638 0.157793 4.73758 2.48868 -0.410563 -0.563272 1.75707 0.0515265 -0.694675 1.71108 -0.0720693 -0.408568 1.32826 -0.0976904 -0.434114 2.39002 -1.06303 0.614162 0.348366 0.253047 0.234442 0.433588 -0.0378466 1.07341 -0.776948 -0.195525 0.628198 1.08002 -0.0137981 -0.766002 1.53771 0.0144336 -0.767252 1.53647 -0.0196709 -0.76572 1.54856 0.0199388 -0.766981 1.54752 -0.0558399 -0.753578 1.58837 0.012417 -0.761176 1.55468 -0.0311661 -0.735713 1.53745 -0.00796648 -0.758369 1.78198 -0.204855 -0.680955 1.67735 0.0164273 -0.736087 1.62164 -0.0585082 -0.604568 1.46138 -0.0527212 -0.601581 2.12514 -0.469265 0.179848 0.385966 -0.0139607 0.0725588 0.211641 -0.11717 0.355791 -0.139999 -0.185277 0.389265 1.73484 -0.877884 0.482936 0.421581 0.0793485 0.159891 0.397694 -0.0938586 0.782629 -0.489924 -0.22541 0.922868 1.44626 -0.61529 0.168388 0.289898 0.180287 0.229066 -0.227132 -0.0256443 1.01058 -0.38466 -0.0744612 0.337457 1.03607 -0.834918 0.304504 0.349398 0.119149 0.225645 -0.293326 0.104845 1.27697 -0.60678 -0.121075 0.394458 1.17 0 0 0 0 0 0 0 0 0 0 0 0 0 0 0 0 0 0 0 0 0 0 0 0 0 0 0 0 0 0 0 0 0 0 0 0 0 0 0 0 0 0 0 0 0 0 0 0 0 0 0 0 0 0 0 0 0 0 0 0 0 0 0 0 0 0 0 0 0 0 0 0 0 0 0 0 0 0 0 0 0 0 0 0 0 0 0 0 0 0 0 0 0 0 0 0 0 0 0 0 0 0 0 0 0 0 0 0 0 0 0 0 0 0 0 0 0 0 0 0 0 0 0 0 0 0 0 0 0 0 0 0 0 0 0 0 0 0 0 0 0 0 0 0 0 0 0 0 0 0 0 0 0 0 0 0 0 0 0 0 0 0 0 0 0 0 0 0 0 0 0 0 0 0 0 0 0 0 0 0 0 0 0 0 0 0 0 0 0 0 0 0 0 0 0 0 0 0 0 0 0 0 0 0 0 0 0 0 0 0 0 0 0 0 0 0 0 0 0 0 0 0 0 0 0 0 0 0 0 0 0 0 0 0 0 0 0 0 0 0 0 0 0 0 0 0 0 0 0 0 0 0 0 0 0 0 0 0 0 0 0 0 0 0 0 0 0 0 0 0 0 0 0 0 0 0 0 0 0 0 0 0 0 0 0 0 0 0 0 0 0 0 0 0 0 0 0 0 0 0 0 0 0 0 0 0 0 0 0 0 0 0 0 0 0 0 0 0 0 0 0 0 0 0 0 0 0 0 0 0 0 0 0 0 0 0 0 0 0 0 0 0 0 0 0 0 0 0 0 0 0 0 0 0 0 0 0 0 0 0 0 0 0 0 0 0 0 0 0 0 0 0 0 0 0 0 0 0 0 0 0 0 0 0 0 0 0 0 0 0 0 0 0 0 0 0 0 0 0 0 0 0 0 0 0 0 0 0 0 0 0 0 0 0 0 0 0 0 0 0 0 0 0 0 0 0 0 0 0 0 0 0 0 0 0 0 0 0 0 0 0 0 0 0 0 0 0 0 0 0 0 0 0 0 0 0 0 0 0 0 0 0 0 0 0 0 0 0 0 0 0 0 0 0 0 0 0 0 0 0 0 0 0 0 0 0 0 0 0 0 0 0 0 0 0 0 0 0 0 0 0 0 0 0 0 0 0 0 0 0 0 0 0 0 0 0 0 0 0 0 0 0 0 0 0 0 0 0 0 0 0 0 0 0 0 0 0 0 0 0 0 0 0 0 0 0 0 0 0 0 0 0 0 0 0 0 0 0 0 0 0 0 0 0 0 0 0 0 0 0 0 0 0 0 0 0 0 0 0 0 0 0 0 0 0 0 0 0 0 0 0 0 0 0 0 0 0 0 0 0 0 0 0 0 0 0 0 0 0 0 0 0 0 0 0 0 0 0 0 0 0 0 0 0 0 0 0 0 0 0 0 0 0 0 0 0 0 0 0 0 0 0 0 0 0 0 0 0 0 0 0 0 0 0 0 0 0 0 0 0 0 0 0 0 0 0 0 0 0 0 0 0 0 0 0 0 0 0 0 0 0 0 0 0 0 0 0 0 0 0 0 0 0 0 0 0 0 0 0 0 0 0 0 0 0 0 0 0 0 0 0 0 0 0 0 0 0 0 0 0 0 0 0 0 0 0 0 0 0 0 0 0 0 0 0 0 0 0 0 0 0 0 0 0 0 0 0 0 0 0 0 0 0 0 0 0 0 0 0 0 0 0 0 0 0 0 0 0 0 0 0 0 0 0 0 0 0 0 0 0 0 0 0 0 0 0 0 0 0 0 0 0 0 0 0 0 0 0 0 0 0 0 0 0 0 0 0 0 0 0 0 0 0 0 0 0 0 0 0 0 0 0 0 0 0 0 0 0 0 0 0 0 0 0 0 0 0 0 0 0 0 0 0 0 0 0 0 0 0 0 0 0 0 0 0 0 0 0 0 0 0 0 0 0 0 0 0 0 0 0 0 0 0 0 0 0 0 0 0 0 0 0 0 0 0 0 0 0 0 0 0 0 0 0 0 0 0 0 0 0 0 0 0 0 0 0 0 0 0 0 0 0 0 0 0 0 0 0 0 0 0 0 0 0 0 0 0 0 0 0 0 0 0 0 0 0 0 0 0 0 0 0 0 0 0 0 0 0 0 0 0 0 0 0 0 0 0 0 0 0 0 0 0 0 0 0 0 0 0 0 0 0 0 0 0 0 0 0 0 0 0 0 0 0 0 0 0 0 0 0 0 0 0 0 0 0 0 0 0 0 0 0 0 0 0 0 0 0 0 0 0 0 0 0 0 0 0 0 0 0 0 0 0 0 0 0 0 0 0 0 0 0 0 0 0 0 0 0 0 0 0 0 0 0 0 0 0 0 0 0 0 0 0 0 0 0 0 0 0 0 0 0 0 0 0 0 0 0 0 0 0 0 0 0 0 0 0 0 0 0 0 0 0 0 0 0 0 0 0 0 0 0 0 0 0 0 0 0 0 0 0 0 0 0 0 0 0 0 0 0 0 0 0 0 0 0 0 0 0 0 0 0 0 0 0 0 0 0 0 0 0 0 0 0 0 0 0 0 0 0 0 0 0 0 0 0 0 0 0 0 0 0 0 0 0 0 0 0 0 0 0 0 0 0 0 0 0 0 0 0 0 0 0 0 0 0 0 0 0 0 0 0 0 0 0 0 0 0 0 0 0 0 0 0 0 0 0 0 0 0 0 0 0 0 0 0 0 0 0 0 0 0 0 0 0 0 0 0 0 0 0 0 0 0 0 0 0 0 0 0 0 0 0 0 0 0 0 0 0 0 0 0 0 0 0 0 0 0 0 0 0 0 0 0 0 0 0 0 0 0 0 0 0 0 0 0 0 0 0 0 0 0 0 0 0 0 0 0 0 0 0 0 0 0 0 0 0 0 0 0 0 0 0 0 0 0 0 0 0 0 0 0 0 0 0 0 0 0 0 0 0 0 0 0 0 0 0 0 0 0 0 0 0 0 0 0 0 0 0 0 0 0 0 0 0 0 0 0 0 0 0 0 0 0 0 0 0 0 0 0 0 0 0 0 0 0 0 0 0 0 0 0 0 0 0 0 0 0 0 0 0 0 0 0 0 0 0 0 0 0 0 0 0 0 0 0 0 0 0 0 0 0 0 0 0 0 0 0 0 0 0 0 0 0 0 0 0 0 0 0 0 0 0 0 0 0 0 0 0 0 0 0 0 0 0 0 0 0 0 0 0 0 0 0 0 0 0 0 0 0 0 0 0 0 0 0 0 0 0 0 0 0 0 0 0 0 0 0 0 0 0 0 0 0 0 0 0 0 0 0 0 0 0 0 0 0 0 0 0 0 0 0 0 0 0 0 0 0 0 0 0 0 0 0 0 0 0 0 0 0 0 0 0 0 0 0 0 0 0 0 0 0 0 0 0 0 0 0 0 0 0 0 0 0 0 0 0 0 0 0 0 0 0 0 0 0 0 0 0 0 0 0 0 0 0 0 0 0 0 0 0 0 0 0 0 0 0 0 0 0 0 0 0 0 0 0 0 0 0 0 0 0 0 0 0 0 0 0 0 0 0 0 0 0 0 0 0 0 0 0 0 0 0 0 0 0 0 0 0 0 0 0 0 0 0 0 0 0 0 0 0 0 0 0 0 0 0 0 0 0 0 0 0 0 0 0 0 0 0 0 0 0 0 0 0 0 0 0 0 0 0 0 0 0 0 0 0 0 0 0 0 0 0 0 0 0 0 0 0 0 0 0 0 0 0 0 0 0 0 0 0 0 0 0 0 0 0 0 0 0 0 0 0 0 0 0 0 0 0 0 0 0 0 0 0 0 0 0 0 0 0 0 0 0 0 0 0 0 0 0 0 0 0 0 0 0 0 0 0 0 0 0 0 0 0 0 0 0 0 0 0 0 0 0 0 0 0 0 0 0 0 0 0 0 0 0 0 0 0 0 0 0 0 0 0 0 0 0 0 0 0 0 0 0 0 0 0 0 0 0 0 0 0 0 0 0 0 0 0 0 0 0 0 0 0 0 0 0 0 0 0 0 0 0 0 0 0 0 0 0 0 0 0 0 0 0 0 0 0 0 0 0 0 0 0 0 0 0 0 0 0 0 0 0 0 0 0 0 0 0 0 0 0 0 0 0 0 0 0 0 0 0 0 0 0 0 0 0 0 0 0 0 0 0 0 0 0 0 0 0 0 0 0 0 0 0 0 0 0 0 0 0 0 0 0 0 0 0 0 0 0 0 0 0 0 0 0 0 0 0 0 0 0 0 0 0 0 0 0 0 0 0 0 0 0 0 0 0 0 0 0 0 0 0 0 0 0 0 0 0 0 0 0 0 0 0 0 0 0 0 0 0 0 0 0 0 0 0 0 0 0 0 0 0 0 0 0 0 0 0 0 0 0 0 0 0 0 0 0 0 0 0 0 0 0 0 0 0 0 0 0 0 0 0 0 0 0 0 0 0 0 0 0 0 0 0 0 0 0 0 0 0 0 0 0 0 0 0 0 0 0 0 0 0 0 0 0 0 0 0 0 0 0 0 0 0 0 0 0 0 0 0 0 0 0 0 0 0 0 0 0 0 0 0 0 0 0 0 0 0 0 0 0 0 0 0 0 0 0 0 0 0 0 0 0 0 0 0 0 0 0 0 0 0 0 0 0 0 0 0 0 0 0 0 0 0 0 0 0 0 0 0 0 0 0 0 0 0 0 0 0 0 0 0 0 0 0 0 0 0 0 0 0 0 0 0 0 0 0 0 0 0 0 0 0 0 0 0 0 0 0 0 0 0 0 0 0 0 0 0 0 0 0 0 0 0 0 0 0 0 0 0 0 0 0 0 0 0 0 0 0 0 0 0 0 0 0 0 0 0 0 0 0 0 0 0 0 0 0 0 0 0 0 0 0 0 0 0 0 0 0 0 0 0 0 0 0 0 0 0 0 0 0 0 0 0 0 0 0 0 0 0 0 0 0 0 0 0 0 0 0 0 0 0 0 0 0 0 0 0 0 0 0 0 0 0 0 0 0 0 0 0 0 0 0 0 0 0 0 0 0 0 0 0 0 0 0 0 0 0 0 0 0 0 0 0 0 0 0 0 0 0 0 0 0 0 0 0 0 0 0 0 0 0 0 0 0 0 0 0 0 0 0 0 0 0 0 0 0 0 0 0 0 0 0 0 0 0 0 0 0 0 0 0 0 0 0 0 0 0 0 0 0 0 0 0 0 0 0 0 0 0 0 0 0 0 0 0 0 0 0 0 0 0 0 0 0 0 0 0 0 0 0 0 0 0 0 0 0 0 0 0 0 0 0 0 0 0 0 0 0 0 0 0 0 0 0 0 0 0 0 0 0 0 0 0 0 0 0 0 0 0 0 0 0 0 0 0 0 0 0 0 0 0 0 0 0 0 0 0 0 0 0 0 0 0 0 0 0 0 0 0 0 0 0 0 0 0 0 0 0 0 0 0 0 0 0 0 0 0 0 0 0 0 0 0 0 0 0 0 0 0 0 0 0 0 0 0 0 0 0 0 0 0 0 0 0 0 0 0 0 0 0 0 0 0 0 0 0 0 0 0 0 0 0 0 0 0 0 0 0 0 0 0 0 0 0 0 0 0 0 0 0 0 0 0 0 0 0 0 0 0 0 0 0 0 0 0 0 0 0 0 0 0 0 0 0 0 0 0 0 0 0 0 0 0 0 0 0 0 0 0 0 0 0 0 0 0 0 0 0 0 0 0 0 0 0 0 0 0 0 0 0 0 0 0 0 0 0 0 0 0 0 0 0 0 0 0 0 0 0 0 0 0 0 0 0 0 0 0 0 0 0 0 0 0 0 0 0 0 0 0 0 0 0 0 0 0 0 0 0 0 0 0 0 0 0 0 0 0 0 0 0 0 0 0 0 0 0 0 0 0 0 0 0 0 0 0 0 0 0 0 0 0 0 0 0 0 0 0 0 0 0 0 0 0 0 0 0 0 0 0 0 0 0 0 0 0 0 0 0 0 0 0 0 0 0 0 0 0 0 0 0 0 0 0 0 0 0 0 0 0 0 0 0 0 0 0 0 0 0 0 0 0 0 0 0 0 0 0 0 0 0 0 0 0 0 0 0 0 0 0 0 0 0 0 0 0 0 0 0 0 0 0 0 0 0 0 0 0 0 0 0 0 0 0 0 0 0 0 0 0 0 0 0 0 0 0 0 0 0 0 0 0 0 0 0 0 0 0 0 0 0 0 0 0 0 0 0 0 0 0 0 0 0 0 0 0 0 0 0 0 0 0 0 0 0 0 0 0 0 0 0 0 0 0 0 0 0 0 0 0 0 0 0 0 0 0 0 0 0 0 0 0 0 0 0 0 0 0 0 0 0 0 0 0 0 0 0 0 0 0 0 0 0 0 0 0 0 0 0 0 0 0 0 0 0 0 0 0 0 0 0 0 0 0 0 0 0 0 0 0 0 0 0 0 0 0 0 0 0 0 0 0 0 0 0 0 0 0 0 0 0 0 0 0 0 0 0 0 0 0 0 0 0 0 0 0 0 0 0 0 0 0 0 0 0 0 0 0 0 0 0 0 0 0 0 0 0 0 0 0 0 0 0 0 0 0 0 0 0 0 0 0 0 0 0 0 0 0 0 0 0 0 0 0 0 0 0 0 0 0 0 0 0 0 0 0 0 0 0 0 0 0 0 0 0 0 0 0 0 0 0 0 0 0 0 0 0 0 0 0 0 0 0 0 0 0 0 0 0 0 0 0 0 0 0 0 0 0 0 0 0 0 0 0 0 0 0 0 0 0 0 0 0 0 0 0 0 0 0 0 0 0 0 0 0 0 0 0 0 0 0 0 0 0 0 0 0 0 0 0 0 0 0 0 0 0 0 0 0 0 0 0 0 0 0 0 0 0 0 0 0 0 0 0 0 0 0 0 0 0 0 0 0 0 0 0 0 0 0 0 0 0 0 0 0 0 0 0 0 0 0 0 0 0 0 0 0 0 0 0 0 0 0 0 0 0 0 0 0 0 0 0 0 0 0 0 0 0 0 0 0 0 0 0 0 0 0 0 0 0 0 0 0 0 0 0 0 0 0 0 0 0 0 0 0 0 0 0 0 0 0 0 0 0 0 0 0 0 0 0 0 0 0 0 0 0 0 0 0 0 0 0 0 0 0 0 0 0 0 0 0 0 0 0 0 0 0 0 0 0 0 0 0 0 0 0 0 0 0 0 0 0 0 0 0 0 0 0 0 0 0 0 0 0 0 0 0 0 0 0 0 0 0 0 0 0 0 0 0 0 0 0 0 0 0 0 0 0 0 0 0 0 0 0 0 0 0 0 0 0 0 0 0 0 0 0 0 0 0 0 0 0 0 0 0 0 0 0 0 0 0 0 0 0 0 0 0 0 0 0 0 0 0 0 0 0 0 0 0 0 0 0 0 0 0 0 0 0 0 0 0 0 0 0 0 0 0 0 0 0 0 0 0 0 0 0 0 0 0 0 0 0 0 0 0 0 0 0 0 0 0 0 0 0 0 0 0 0 0 0 0 0 0 0 0 0 0 0 0 0 0 0 0 0 0 0 0 0 0 0 0 0 0 0 0 0 0 0 0 0 0 0 0 0 0 0 0 0 0 0 0 0 0 0 0 0 0 0 0 0 0 0 0 0 0 0 0 0 0 0 0 0 0 0 0 0 0 0 0 0 0 0 0 0 0 0 0 0 0 0 0 0 0 0 0 0 0 0 0 0 0 0 0 0 0 0 0 0 0 0 0 0 0 0 0 0 0 0 0 0 0 0 0 0 0 0 0 0 0 0 0 0 0 0 0 0 0 0 0 0 0 0 0 0 0 0 0 0 0 0 0 0 0 0 0 0 0 0 0 0 0 0 0 0 0 0 0 0 0 0 0 0 0 0 0 0 0 0 0 0 0 0 0 0 0 0 0 0 0 0 0 0 0 0 0 0 0 0 0 0 0 0 0 0 0 0 0 0 0 0 0 0 0 0 0 0 0 0 0 0 0 0 0 0 0 0 0 0 0 0 0 0 0 0 0 0 0 0 0 0 0 0 0 0 0 0 0 0 0 0 0 0 0 0 0 0 0 0 0 0 0 0 0 0 0 0 0 0 0 0 0 0 0 0 0 0 0 0 0 0 0 0 0 0 0 0 0 0 0 0 0 0 0 0 0 0 0 0 0 0 0 0 0 0 0 0 0 0 0 0 0 0 0 0 0 0 0 0 0 0 0 0 0 0 0 0 0 0 0 0 0 0 0 0 0 0 0 0 0 0 0 0 0 0 0 0 0 0 0 0 0 0 0 0 0 0 0 0 0 0 0 0 0 0 0 0 0 0 0 0 0 0 0 0 0 0 0 0 0 0 0 0 0 0 0 0 0 0 0 0 0 0 0 0 0 0 0 0 0 0 0 0 0 0 0 0 0 0 0 0 0 0 0 0 0 0 0 0 0 0 0 0 0 0 0 0 0 0 0 0 0 0 0 0 0 0 0 0 0 0 0 0 0 0 0 0 0 0 0 0 0 0 0 0 0 0 0 0 0 0 0 0 0 0 0 0 0 0 0 0 0 0 0 0 0 0 0 0 0 0 0 0 0 0 0 0 0 0 0 0 0 0 0 0 0 0 0 0 0 0 0 0 0 0 0 0 0 0 0 0 0 0 0 0 0 0 0 0 0 0 0 0 0 0 0 0 0 0 0 0 0 0 0 0 0 0 0 0 0 0 0 0 0 0 0 0 0 0 0 0 0 0 0 0 0 0 0 0 0 0 0 0 0 0 0 0 0 0 0 0 0 0 0 0 0 0 0 0 0 0 0 0 0 0 0 0 0 0 0 0 0 0 0 0 0 0 0 0 0 0 0 0 0 0 0 0 0 0 0 0 0 0 0 0 0 0 0 0 0 0 0 0 0 0 0 0 0 0 0 0 0 0 0 0 0 0 0 0 0 0 0 0 0 0 0 0 0 0 0 0 0 0 0 0 0 0 0 0 0 0 0 0 0 0 0 0 0 0 0 0 0 0 0 0 0 0 0 0 0 0 0 0 0 0 0 0 0 0 0 0 0 0 0 0 0 0 0 0 0 0 0 0 0 0 0 0 0 0 0 0 0 0 0 0 0 0 0 0 0 0 0 0 0 0 0 0 0 0 0 0 0 0 0 0 0 0 0 0 0 0 0 0 0 0 0 0 0 0 0 0 0 0 0 0 0 0 0 0 0 0 0 0 0 0 0 0 0 0 0 0 0 0 0 0 0 0 0 0 0 0 0 0 0 0 0 0 0 0 0 0 0 0 0 0 0 0 0 0 0 0 0 0 0 0 0 0 0 0 0 0 0 0 0 0 0 0 0 0 0 0 0 0 0 0 0 0 0 0 0 0 0 0 0 0 0 0 0 0 0 0 0 0 0 0 0 0 0 0 0 0 0 0 0 0 0 0 0 0 0 0 0 0 0 0 0 0 0 0 0 0 0 0 0 0 0 0 0 0 0 0 0 0 0 -0.000438442 -0.00642393 -0.0523616 -2.84798e-05 -0.000312244 2.72146e-05 -0.0137981 -0.766002 1.53771 0.0144336 -0.767252 1.53647 -0.0196709 -0.76572 1.54856 0.0199388 -0.766981 1.54752 -0.000242259 -0.000193961 -4.41602e-05 0.000234031 -0.000221391 -4.72332e-05 -0.000471899 3.54784e-06 -0.000111809 0.000474816 -1.28864e-05 -0.000119645 -0.0137981 -0.766002 1.53771 0.0144336 -0.767252 1.53647 -0.0196709 -0.76572 1.54856 0.0199388 -0.766981 1.54752 -0.0137981 -0.766002 1.53771 0.0144336 -0.767252 1.53647 -0.0196709 -0.76572 1.54856 0.0199388 -0.766981 1.54752 -0.0137981 -0.766002 1.53771 0.0144336 -0.767252 1.53647 -0.0196709 -0.76572 1.54856 0.0199388 -0.766981 1.54752 -0.000242259 -0.000193961 -4.41602e-05 0.000234031 -0.000221391 -4.72332e-05 -0.000471899 3.54784e-06 -0.000111809 0.000474816 -1.28864e-05 -0.000119645 -0.000242259 -0.000193961 -4.41602e-05 0.000234031 -0.000221391 -4.72332e-05 -0.000471899 3.54784e-06 -0.000111809 0.000474816 -1.28864e-05 -0.000119645 0.00120193 0.0039981 -0.00228643 -0.00156639 0.00274831 -0.0035342 0.00232906 0.00427991 -0.00144422 -0.0020612 0.00301933 -0.00248432 0.00120193 0.0039981 -0.00228643 -0.00156639 0.00274831 -0.0035342 0.00232906 0.00427991 -0.00144422 -0.0020612 0.00301933 -0.00248432 0 0 0 -0.00574887 0.00773389 -0.0488192 -0.500631 1.67575 0.409385 -0.0558399 -0.753578 1.58837 0.012417 -0.761176 1.55468 -0.0311661 -0.735713 1.53745 -0.00796648 -0.758369 1.78198 -0.469265 0.179848 0.385966 -0.0139607 0.0725588 0.211641 -0.11717 0.355791 -0.139999 -0.185277 0.389265 1.73484 -0.0137981 -0.766002 1.53771 0.0144336 -0.767252 1.53647 -0.0196709 -0.76572 1.54856 0.0199388 -0.766981 1.54752 -0.0137981 -0.766002 1.53771 0.0144336 -0.767252 1.53647 -0.0196709 -0.76572 1.54856 0.0199388 -0.766981 1.54752 -0.0137981 -0.766002 1.53771 0.0144336 -0.767252 1.53647 -0.0196709 -0.76572 1.54856 0.0199388 -0.766981 1.54752 -0.000242259 -0.000193961 -4.41602e-05 0.000234031 -0.000221391 -4.72332e-05 -0.000471899 3.54784e-06 -0.000111809 0.000474816 -1.28864e-05 -0.000119645 -0.000242259 -0.000193961 -4.41602e-05 0.000234031 -0.000221391 -4.72332e-05 -0.000471899 3.54784e-06 -0.000111809 0.000474816 -1.28864e-05 -0.000119645 0.00120193 0.0039981 -0.00228643 -0.00156639 0.00274831 -0.0035342 0.00232906 0.00427991 -0.00144422 -0.0020612 0.00301933 -0.00248432 -0.358702 0.0403007 0.182517 0.162675 0.196929 -0.129488 -0.178865 0.633813 -0.123566 0.0539399 0.260502 0.872064 0 0 0 -0.0151546 0.0653161 -0.0312289 -0.269304 3.601 1.36331 -0.204855 -0.680955 1.67735 0.0164273 -0.736087 1.62164 -0.0585082 -0.604568 1.46138 -0.0527212 -0.601581 2.12514 -0.877884 0.482936 0.421581 0.0793485 0.159891 0.397694 -0.0938586 0.782629 -0.489924 -0.22541 0.922868 1.44626 -0.0137981 -0.766002 1.53771 0.0144336 -0.767252 1.53647 -0.0196709 -0.76572 1.54856 0.0199388 -0.766981 1.54752 -0.0137981 -0.766002 1.53771 0.0144336 -0.767252 1.53647 -0.0196709 -0.76572 1.54856 0.0199388 -0.766981 1.54752 -0.0558399 -0.753578 1.58837 0.012417 -0.761176 1.55468 -0.0311661 -0.735713 1.53745 -0.00796648 -0.758369 1.78198 -0.000242259 -0.000193961 -4.41602e-05 0.000234031 -0.000221391 -4.72332e-05 -0.000471899 3.54784e-06 -0.000111809 0.000474816 -1.28864e-05 -0.000119645 -0.469265 0.179848 0.385966 -0.0139607 0.0725588 0.211641 -0.11717 0.355791 -0.139999 -0.185277 0.389265 1.73484 -0.358702 0.0403007 0.182517 0.162675 0.196929 -0.129488 -0.178865 0.633813 -0.123566 0.0539399 0.260502 0.872064 -0.61529 0.168388 0.289898 0.180287 0.229066 -0.227132 -0.0256443 1.01058 -0.38466 -0.0744612 0.337457 1.03607 0 0 0 -0.0112008 0.15453 0.00879638 0.157793 4.73758 2.48868 -0.410563 -0.563272 1.75707 0.0515265 -0.694675 1.71108 -0.0720693 -0.408568 1.32826 -0.0976904 -0.434114 2.39002 -1.06303 0.614162 0.348366 0.253047 0.234442 0.433588 -0.0378466 1.07341 -0.776948 -0.195525 0.628198 1.08002 -0.0137981 -0.766002 1.53771 0.0144336 -0.767252 1.53647 -0.0196709 -0.76572 1.54856 0.0199388 -0.766981 1.54752 -0.0558399 -0.753578 1.58837 0.012417 -0.761176 1.55468 -0.0311661 -0.735713 1.53745 -0.00796648 -0.758369 1.78198 -0.204855 -0.680955 1.67735 0.0164273 -0.736087 1.62164 -0.0585082 -0.604568 1.46138 -0.0527212 -0.601581 2.12514 -0.469265 0.179848 0.385966 -0.0139607 0.0725588 0.211641 -0.11717 0.355791 -0.139999 -0.185277 0.389265 1.73484 -0.877884 0.482936 0.421581 0.0793485 0.159891 0.397694 -0.0938586 0.782629 -0.489924 -0.22541 0.922868 1.44626 -0.61529 0.168388 0.289898 0.180287 0.229066 -0.227132 -0.0256443 1.01058 -0.38466 -0.0744612 0.337457 1.03607 -0.834918 0.304504 0.349398 0.119149 0.225645 -0.293326 0.104845 1.27697 -0.60678 -0.121075 0.394458 1.17
