cmd 0 0 0
base_rpy 0.0185995 0.25514 0.0718945
projected_gravity 0.252381 -0.0179964 -0.967461
body_omega 2.0163 4.5257 3.23813
omega_world 2.46145 4.65353 2.70533
base_rot_mat 0.963763 -0.0697447 0.25748 0.0727497 0.997348 -0.00215049 -0.256647 0.0208042 0.966281
joint_pos_policy -0.588766 -0.444397 1.81696 0.136182 -0.64344 1.7925 -0.0608319 -0.165054 1.13518 -0.122869 -0.353258 2.5767
joint_vel_policy -0.309716 0.472754 0.287558 0.600013 0.229712 0.324594 0.207713 1.20124 -1.04948 -0.000930469 0.183681 0.721151
action_raw -3.99143 1.84882 1.15313 -0.0149588 0.553392 -1.46673 0.925939 5.79766 -3.18543 -0.642715 1.47976 4.57427
action_offset -0.997858 0.462206 0.288283 -0.0037397 0.138348 -0.366683 0.231485 1.44941 -0.796358 -0.160679 0.369941 1.14357
target_joint_pos -1.01286 -0.307794 1.82828 0.0122603 -0.631652 1.17332 0.209485 0.679415 0.753642 -0.138679 -0.400059 2.69357
joint_limits_lower -0.51777 -2.6433 0.51876 -0.51777 -2.6433 0.51876 -0.51777 -2.6433 0.51876 -0.51777 -2.6433 0.51876
joint_limits_upper 0.51777 0.31086 2.76408 0.51777 0.31086 2.76408 0.51777 0.31086 2.76408 0.51777 0.31086 2.76408
effort_limits 24 24 36 24 24 36 24 24 36 24 24 36
target_joint_pos_clipped -0.51777 -0.307794 1.82828 0.0122603 -0.631652 1.17332 0.209485 0.31086 0.753642 -0.138679 -0.400059 2.69357
pd_tau_raw -8.26504 2.40112 0.0251782 -2.89845 0.0749559 -12.6109 5.26093 16.0485 -6.89614 -0.315544 -1.06458 1.83252
pd_tau_clipped -8.26504 2.40112 0.0251782 -2.89845 0.0749559 -12.6109 5.26093 16.0485 -6.89614 -0.315544 -1.06458 1.83252
obs_flat 0 0 0 0.0185995 0.25514 0.0718945 2.0163 4.5257 3.23813 -0.588766 -0.444397 1.81696 0.136182 -0.64344 1.7925 -0.0608319 -0.165054 1.13518 -0.122869 -0.353258 2.5767 -0.309716 0.472754 0.287558 0.600013 0.229712 0.324594 0.207713 1.20124 -1.04948 -0.000930469 0.183681 0.721151 -0.0558399 -0.753578 1.58837 0.012417 -0.761176 1.55468 -0.0311661 -0.735713 1.53745 -0.00796648 -0.758369 1.78198 -0.204855 -0.680955 1.67735 0.0164273 -0.736087 1.62164 -0.0585082 -0.604568 1.46138 -0.0527212 -0.601581 2.12514 -0.410563 -0.563272 1.75707 0.0515265 -0.694675 1.71108 -0.0720693 -0.408568 1.32826 -0.0976904 -0.434114 2.39002 -0.877884 0.482936 0.421581 0.0793485 0.159891 0.397694 -0.0938586 0.782629 -0.489924 -0.22541 0.922868 1.44626 -1.06303 0.614162 0.348366 0.253047 0.234442 0.433588 -0.0378466 1.07341 -0.776948 -0.195525 0.628198 1.08002 -0.834918 0.304504 0.349398 0.119149 0.225645 -0.293326 0.104845 1.27697 -0.60678 -0.121075 0.394458 1.17 -0.945049 0.394339 0.334641 0.101075 0.192585 -0.351473 0.176604 1.4161 -0.736702 -0.185767 0.429632 1.23177 0 0 0 0 0 0 0 0 0 0 0 0 0 0 0 0 0 0 0 0 0 0 0 0 0 0 0 0 0 0 0 0 0 0 0 0 0 0 0 0 0 0 0 0 0 0 0 0 0 0 0 0 0 0 0 0 0 0 0 0 0 0 0 0 0 0 0 0 0 0 0 0 0 0 0 0 0 0 0 0 0 0 0 0 0 0 0 0 0 0 0 0 0 0 0 0 0 0 0 0 0 0 0 0 0 0 0 0 0 0 0 0 0 0 0 0 0 0 0 0 0 0 0 0 0 0 0 0 0 0 0 0 0 0 0 0 0 0 0 0 0 0 0 0 0 0 0 0 0 0 0 0 0 0 0 0 0 0 0 0 0 0 0 0 0 0 0 0 0 0 0 0 0 0 0 0 0 0 0 0 0 0 0 0 0 0 0 0 0 0 0 0 0 0 0 0 0 0 0 0 0 0 0 0 0 0 0 0 0 0 0 0 0 0 0 0 0 0 0 0 0 0 0 0 0 0 0 0 0 0 0 0 0 0 0 0 0 0 0 0 0 0 0 0 0 0 0 0 0 0 0 0 0 0 0 0 0 0 0 0 0 0 0 0 0 0 0 0 0 0 0 0 0 0 0 0 0 0 0 0 0 0 0 0 0 0 0 0 0 0 0 0 0 0 0 0 0 0 0 0 0 0 0 0 0 0 0 0 0 0 0 0 0 0 0 0 0 0 0 0 0 0 0 0 0 0 0 0 0 0 0 0 0 0 0 0 0 0 0 0 0 0 0 0 0 0 0 0 0 0 0 0 0 0 0 0 0 0 0 0 0 0 0 0 0 0 0 0 0 0 0 0 0 0 0 0 0 0 0 0 0 0 0 0 0 0 0 0 0 0 0 0 0 0 0 0 0 0 0 0 0 0 0 0 0 0 0 0 0 0 0 0 0 0 0 0 0 0 0 0 0 0 0 0 0 0 0 0 0 0 0 0 0 0 0 0 0 0 0 0 0 0 0 0 0 0 0 0 0 0 0 0 0 0 0 0 0 0 0 0 0 0 0 0 0 0 0 0 0 0 0 0 0 0 0 0 0 0 0 0 0 0 0 0 0 0 0 0 0 0 0 0 0 0 0 0 0 0 0 0 0 0 0 0 0 0 0 0 0 0 0 0 0 0 0 0 0 0 0 0 0 0 0 0 0 0 0 0 0 0 0 0 0 0 0 0 0 0 0 0 0 0 0 0 0 0 0 0 0 0 0 0 0 0 0 0 0 0 0 0 0 0 0 0 0 0 0 0 0 0 0 0 0 0 0 0 0 0 0 0 0 0 0 0 0 0 0 0 0 0 0 0 0 0 0 0 0 0 0 0 0 0 0 0 0 0 0 0 0 0 0 0 0 0 0 0 0 0 0 0 0 0 0 0 0 0 0 0 0 0 0 0 0 0 0 0 0 0 0 0 0 0 0 0 0 0 0 0 0 0 0 0 0 0 0 0 0 0 0 0 0 0 0 0 0 0 0 0 0 0 0 0 0 0 0 0 0 0 0 0 0 0 0 0 0 0 0 0 0 0 0 0 0 0 0 0 0 0 0 0 0 0 0 0 0 0 0 0 0 0 0 0 0 0 0 0 0 0 0 0 0 0 0 0 0 0 0 0 0 0 0 0 0 0 0 0 0 0 0 0 0 0 0 0 0 0 0 0 0 0 0 0 0 0 0 0 0 0 0 0 0 0 0 0 0 0 0 0 0 0 0 0 0 0 0 0 0 0 0 0 0 0 0 0 0 0 0 0 0 0 0 0 0 0 0 0 0 0 0 0 0 0 0 0 0 0 0 0 0 0 0 0 0 0 0 0 0 0 0 0 0 0 0 0 0 0 0 0 0 0 0 0 0 0 0 0 0 0 0 0 0 0 0 0 0 0 0 0 0 0 0 0 0 0 0 0 0 0 0 0 0 0 0 0 0 0 0 0 0 0 0 0 0 0 0 0 0 0 0 0 0 0 0 0 0 0 0 0 0 0 0 0 0 0 0 0 0 0 0 0 0 0 0 0 0 0 0 0 0 0 0 0 0 0 0 0 0 0 0 0 0 0 0 0 0 0 0 0 0 0 0 0 0 0 0 0 0 0 0 0 0 0 0 0 0 0 0 0 0 0 0 0 0 0 0 0 0 0 0 0 0 0 0 0 0 0 0 0 0 0 0 0 0 0 0 0 0 0 0 0 0 0 0 0 0 0 0 0 0 0 0 0 0 0 0 0 0 0 0 0 0 0 0 0 0 0 0 0 0 0 0 0 0 0 0 0 0 0 0 0 0 0 0 0 0 0 0 0 0 0 0 0 0 0 0 0 0 0 0 0 0 0 0 0 0 0 0 0 0 0 0 0 0 0 0 0 0 0 0 0 0 0 0 0 0 0 0 0 0 0 0 0 0 0 0 0 0 0 0 0 0 0 0 0 0 0 0 0 0 0 0 0 0 0 0 0 0 0 0 0 0 0 0 0 0 0 0 0 0 0 0 0 0 0 0 0 0 0 0 0 0 0 0 0 0 0 0 0 0 0 0 0 0 0 0 0 0 0 0 0 0 0 0 0 0 0 0 0 0 0 0 0 0 0 0 0 0 0 0 0 0 0 0 0 0 0 0 0 0 0 0 0 0 0 0 0 0 0 0 0 0 0 0 0 0 0 0 0 0 0 0 0 0 0 0 0 0 0 0 0 0 0 0 0 0 0 0 0 0 0 0 0 0 0 0 0 0 0 0 0 0 0 0 0 0 0 0 0 0 0 0 0 0 0 0 0 0 0 0 0 0 0 0 0 0 0 0 0 0 0 0 0 0 0 0 0 0 0 0 0 0 0 0 0 0 0 0 0 0 0 0 0 0 0 0 0 0 0 0 0 0 0 0 0 0 0 0 0 0 0 0 0 0 0 0 0 0 0 0 0 0 0 0 0 0 0 0 0 0 0 0 0 0 0 0 0 0 0 0 0 0 0 0 0 0 0 0 0 0 0 0 0 0 0 0 0 0 0 0 0 0 0 0 0 0 0 0 0 0 0 0 0 0 0 0 0 0 0 0 0 0 0 0 0 0 0 0 0 0 0 0 0 0 0 0 0 0 0 0 0 0 0 0 0 0 0 0 0 0 0 0 0 0 0 0 0 0 0 0 0 0 0 0 0 0 0 0 0 0 0 0 0 0 0 0 0 0 0 0 0 0 0 0 0 0 0 0 0 0 0 0 0 0 0 0 0 0 0 0 0 0 0 0 0 0 0 0 0 0 0 0 0 0 0 0 0 0 0 0 0 0 0 0 0 0 0 0 0 0 0 0 0 0 0 0 0 0 0 0 0 0 0 0 0 0 0 0 0 0 0 0 0 0 0 0 0 0 0 0 0 0 0 0 0 0 0 0 0 0 0 0 0 0 0 0 0 0 0 0 0 0 0 0 0 0 0 0 0 0 0 0 0 0 0 0 0 0 0 0 0 0 0 0 0 0 0 0 0 0 0 0 0 0 0 0 0 0 0 0 0 0 0 0 0 0 0 0 0 0 0 0 0 0 0 0 0 0 0 0 0 0 0 0 0 0 0 0 0 0 0 0 0 0 0 0 0 0 0 0 0 0 0 0 0 0 0 0 0 0 0 0 0 0 0 0 0 0 0 0 0 0 0 0 0 0 0 0 0 0 0 0 0 0 0 0 0 0 0 0 0 0 0 0 0 0 0 0 0 0 0 0 0 0 0 0 0 0 0 0 0 0 0 0 0 0 0 0 0 0 0 0 0 0 0 0 0 0 0 0 0 0 0 0 0 0 0 0 0 0 0 0 0 0 0 0 0 0 0 0 0 0 0 0 0 0 0 0 0 0 0 0 0 0 0 0 0 0 0 0 0 0 0 0 0 0 0 0 0 0 0 0 0 0 0 0 0 0 0 0 0 0 0 0 0 0 0 0 0 0 0 0 0 0 0 0 0 0 0 0 0 0 0 0 0 0 0 0 0 0 0 0 0 0 0 0 0 0 0 0 0 0 0 0 0 0 0 0 0 0 0 0 0 0 0 0 0 0 0 0 0 0 0 0 0 0 0 0 0 0 0 0 0 0 0 0 0 0 0 0 0 0 0 0 0 0 0 0 0 0 0 0 0 0 0 0 0 0 0 0 0 0 0 0 0 0 0 0 0 0 0 0 0 0 0 0 0 0 0 0 0 0 0 0 0 0 0 0 0 0 0 0 0 0 0 0 0 0 0 0 0 0 0 0 0 0 0 0 0 0 0 0 0 0 0 0 0 0 0 0 0 0 0 0 0 0 0 0 0 0 0 0 0 0 0 0 0 0 0 0 0 0 0 0 0 0 0 0 0 0 0 0 0 0 0 0 0 0 0 0 0 0 0 0 0 0 0 0 0 0 0 0 0 0 0 0 0 0 0 0 0 0 0 0 0 0 0 0 0 0 0 0 0 0 0 0 0 0 0 0 0 0 0 0 0 0 0 0 0 0 0 0 0 0 0 0 0 0 0 0 0 0 0 0 0 0 0 0 0 0 0 0 0 0 0 0 0 0 0 0 0 0 0 0 0 0 0 0 0 0 0 0 0 0 0 0 0 0 0 0 0 0 0 0 0 0 0 0 0 0 0 0 0 0 0 0 0 0 0 0 0 0 0 0 0 0 0 0 0 0 0 0 0 0 0 0 0 0 0 0 0 0 0 0 0 0 0 0 0 0 0 0 0 0 0 0 0 0 0 0 0 0 0 0 0 0 0 0 0 0 0 0 0 0 0 0 0 0 0 0 0 0 0 0 0 0 0 0 0 0 0 0 0 0 0 0 0 0 0 0 0 0 0 0 0 0 0 0 0 0 0 0 0 0 0 0 0 0 0 0 0 0 0 0 0 0 0 0 0 0 0 0 0 0 0 0 0 0 0 0 0 0 0 0 0 0 0 0 0 0 0 0 0 0 0 0 0 0 0 0 0 0 0 0 0 0 0 0 0 0 0 0 0 0 0 0 0 0 0 0 0 0 0 0 0 0 0 0 0 0 0 0 0 0 0 0 0 0 0 0 0 0 0 0 0 0 0 0 0 0 0 0 0 0 0 0 0 0 0 0 0 0 0 0 0 0 0 0 0 0 0 0 0 0 0 0 0 0 0 0 0 0 0 0 0 0 0 0 0 0 0 0 0 0 0 0 0 0 0 0 0 0 0 0 0 0 0 0 0 0 0 0 0 0 0 0 0 0 0 0 0 0 0 0 0 0 0 0 0 0 0 0 0 0 0 0 0 0 0 0 0 0 0 0 0 0 0 0 0 0 0 0 0 0 0 0 0 0 0 0 0 0 0 0 0 0 0 0 0 0 0 0 0 0 0 0 0 0 0 0 0 0 0 0 0 0 0 0 0 0 0 0 0 0 0 0 0 0 0 0 0 0 0 0 0 0 0 0 0 0 0 0 0 0 0 0 0 0 0 0 0 0 0 0 0 0 0 0 0 0 0 0 0 0 0 0 0 0 0 0 0 0 0 0 0 0 0 0 0 0 0 0 0 0 0 0 0 0 0 0 0 0 0 0 0 0 0 0 0 0 0 0 0 0 0 0 0 0 0 0 0 0 0 0 0 0 0 0 0 0 0 0 0 0 0 0 0 0 0 0 0 0 0 0 0 0 0 0 0 0 0 0 0 0 0 0 0 0 0 0 0 0 0 0 0 0 0 0 0 0 0 0 0 0 0 0 0 0 0 0 0 0 0 0 0 0 0 0 0 0 0 0 0 0 0 0 0 0 0 0 0 0 0 0 0 0 0 0 0 0 0 0 0 0 0 0 0 0 0 0 0 0 0 0 0 0 0 0 0 0 0 0 0 0 0 0 0 0 0 0 0 0 0 0 0 0 0 0 0 0 0 0 0 0 0 0 0 0 0 0 0 0 0 0 0 0 0 0 0 0 0 0 0 0 0 0 0 0 0 0 0 0 0 0 0 0 0 0 0 0 0 0 0 0 0 0 0 0 0 0 0 0 0 0 0 0 0 0 0 0 0 0 0 0 0 0 0 0 0 0 0 0 0 0 0 0 0 0 0 0 0 0 0 0 0 0 0 0 0 0 0 0 0 0 0 0 0 0 0 0 0 0 0 0 0 0 0 0 0 0 0 0 0 0 0 0 0 0 0 0 0 0 0 0 0 0 0 0 0 0 0 0 0 0 0 0 0 0 0 0 0 0 0 0 0 0 0 0 0 0 0 0 0 0 0 0 0 0 0 0 0 0 0 0 0 0 0 0 0 0 0 0 0 0 0 0 0 0 0 0 0 0 0 0 0 0 0 0 0 0 0 0 0 0 0 0 0 0 0 0 0 0 0 0 0 0 0 0 0 0 0 0 0 0 0 0 0 0 0 0 0 0 0 0 0 0 0 0 0 0 0 0 0 0 0 0 0 0 0 0 0 0 0 0 0 0 0 0 0 0 0 0 0 0 0 0 0 0 0 0 0 0 0 0 0 0 0 0 0 0 0 0 0 0 0 0 0 0 0 0 0 0 0 0 0 0 0 0 0 0 0 0 0 0 0 0 0 0 0 0 0 0 0 0 0 0 0 0 0 0 0 0 0 0 0 0 0 0 0 0 0 0 0 0 0 0 0 0 0 0 0 0 0 0 0 0 0 0 0 0 0 0 0 0 0 0 0 0 0 0 0 0 0 0 0 0 0 0 0 0 0 0 0 0 0 0 0 0 0 0 0 0 0 0 0 0 0 0 0 0 0 0 0 0 0 0 0 0 0 0 0 0 0 0 0 0 0 0 0 0 0 0 0 0 0 0 0 0 0 0 0 0 0 0 0 0 0 0 0 0 0 0 0 0 0 0 0 0 0 0 0 0 0 0 0 0 0 0 0 0 0 0 0 0 0 0 0 0 0 0 0 0 0 0 0 0 0 0 0 0 0 0 0 0 0 0 0 0 0 0 0 0 0 0 0 0 0 0 0 0 0 0 0 0 0 0 0 0 0 0 0 0 0 0 0 0 0 0 0 0 0 0 0 0 0 0 0 0 0 0 0 0 0 0 0 0 0 0 0 0 0 0 0 0 0 0 0 0 0 0 0 0 0 0 0 0 0 0 0 0 0 0 0 0 0 0 0 0 0 0 0 0 0 0 0 0 0 0 0 0 0 0 0 0 0 0 0 0 0 0 0 0 0 0 0 0 0 0 0 0 0 0 0 0 0 0 0 0 0 0 0 0 0 0 0 0 0 0 0 0 0 0 0 0 0 0 0 0 0 0 0 0 0 0 0 0 0 0 0 0 0 0 0 0 0 0 0 0 0 0 0 0 0 0 0 0 0 0 0 0 0 0 0 0 0 0 0 0 0 0 0 0 0 0 0 0 0 0 0 0 0 0 0 0 0 0 0 0 0 0 0 0 0 0 0 0 0 0 0 0 0 0 0 0 0 0 0 0 0 0 0 0 0 0 0 0 0 0 0 0 0 0 0 0 0 0 0 0 0 0 0 0 0 0 0 0 0 0 0 0 0 0 0 0 0 0 0 0 0 0 0 0 0 0 0 0 0 0 0 0 0 0 0 0 0 0 0 0 0 0 0 0 0 0 0 0 0 0 0 0 0 0 0 0 0 0 0 0 0 0 0 0 0 0 0 0 0 0 0 0 0 0 0 0 0 0 0 0 0 0 0 0 0 0 0 0 0 0 0 0 0 0 0 0 0 0 0 0 0 0 0 0 0 0 0 0 0 0 0 0 0 0 0 0 0 0 0 0 0 0 0 0 0 0 0 0 0 0 0 0 0 0 0 0 0 0 0 0 0 0 0 0 0 0 0 0 0 0 0 0 0 0 0 0 0 0 0 0 0 0 0 0 0 0 0 0 0 0 0 0 0 0 0 0 0 0 0 0 0 0 0 0 0 0 0 0 0 0 0 0 0 0 0 0 0 0 0 0 0 0 0 0 0 0 0 0 0 0 0 0 0 0 0 0 0 0 0 0 0 0 0 0 0 0 0 0 0 0 0 0 0 0 0 0 0 0 0 0 0 0 0 0 0 0 0 0 0 0 0 0 0 0 0 0 0 0 0 0 0 0 0 0 0 0 0 0 0 0 0 0 0 0 0 0 0 0 0 0 0 0 0 0 0 0 0 0 0 0 0 0 0 0 0 0 0 0 0 0 0 0 0 0 0 0 0 0 0 0 0 0 0 0 0 0 0 0 0 0 0 0 0 0 0 0 0 0 0 0 0 0 0 0 0 0 0 0 0 0 0 0 0 0 0 0 0 0 0 0 0 0 0 0 0 0 0 0 0 0 0 0 0 0 0 0 0 0 0 0 0 0 0 0 0 0 0 0 0 0 0 0 0 0 0 0 0 0 0 0 0 0 0 0 0 0 0 0 0 0 0 0 0 0 0 0 0 0 0 0 0 0 0 0 0 0 0 0 0 0 0 0 0 0 0 0 0 0 0 0 0 0 0 0 0 0 0 0 0 0 0 0 0 0 0 0 0 0 0 0 0 0 0 0 0 0 0 0 0 0 0 0 0 0 0 0 0 0 0 0 0 0 0 0 0 0 0 0 0 0 0 0 0 0 0 0 0 0 0 0 0 0 0 0 0 0 0 0 0 0 0 0 0 0 0 0 0 0 0 0 0 0 0 0 0 0 0 0 0 0 0 0 0 0 0 0 0 0 0 0 0 0 0 0 0 0 0 0 0 0 0 0 0 0 0 0 0 0 0 0 0 0 0 0 0 0 0 0 0 0 0 0 0 0 0 0 0 0 0 0 0 0 0 0 0 0 0 0 0 0 0 0 0 0 0 0 0 0 0 0 0 0 0 0 0 0 0 0 0 0 0 0 0 0 0 0 0 0 0 0 0 0 0 0 0 0 0 0 0 0 0 0 0 0 0 0 0 0 0 0 0 0 0 0 0 0 0 0 0 0 0 0 0 0 0 0 0 0 0 0 0 0 0 0 0 0 0 0 0 0 0 0 0 0 0 0 0 0 0 0 0 0 0 0 0 0 0 0 0 0 0 0 0 0 0 0 0 0 0 0 0 0 0 0 0 0 0 0 0 0 0 0 0 0 0 0 0 0 0 0 0 0 0 0 0 0 0 0 0 0 0 0 0 0 0 0 0 0 0 0 0 0 0 0 0 0 0 0 0 0 0 0 0 0 0 0 0 0 0 0 0 0 0 0 0 0 0 0 0 0 0 0 0 0 0 0 0 0 0 0 0 0 0 0 0 0 0 0 0 0 0 -0.000438442 -0.00642393 -0.0523616 -2.84798e-05 -0.000312244 2.72146e-05 -0.0137981 -0.766002 1.53771 0.0144336 -0.767252 1.53647 -0.0196709 -0.76572 1.54856 0.0199388 -0.766981 1.54752 -0.000242259 -0.000193961 -4.41602e-05 0.000234031 -0.000221391 -4.72332e-05 -0.000471899 3.54784e-06 -0.000111809 0.000474816 -1.28864e-05 -0.000119645 -0.0137981 -0.766002 1.53771 0.0144336 -0.767252 1.53647 -0.0196709 -0.76572 1.54856 0.0199388 -0.766981 1.54752 -0.0137981 -0.766002 1.53771 0.0144336 -0.767252 1.53647 -0.0196709 -0.76572 1.54856 0.0199388 -0.766981 1.54752 -0.0137981 -0.766002 1.53771 0.0144336 -0.767252 1.53647 -0.0196709 -0.76572 1.54856 0.0199388 -0.766981 1.54752 -0.000242259 -0.000193961 -4.41602e-05 0.000234031 -0.000221391 -4.72332e-05 -0.000471899 3.54784e-06 -0.000111809 0.000474816 -1.28864e-05 -0.000119645 -0.000242259 -0.000193961 -4.41602e-05 0.000234031 -0.000221391 -4.72332e-05 -0.000471899 3.54784e-06 -0.000111809 0.000474816 -1.28864e-05 -0.000119645 0.00120193 0.0039981 -0.00228643 -0.00156639 0.00274831 -0.0035342 0.00232906 0.00427991 -0.00144422 -0.0020612 0.00301933 -0.00248432 0.00120193 0.0039981 -0.00228643 -0.00156639 0.00274831 -0.0035342 0.00232906 0.00427991 -0.00144422 -0.0020612 0.00301933 -0.00248432 0 0 0 -0.00574887 0.00773389 -0.0488192 -0.500631 1.67575 0.409385 -0.0558399 -0.753578 1.58837 0.012417 -0.761176 1.55468 -0.0311661 -0.735713 1.53745 -0.00796648 -0.758369 1.78198 -0.469265 0.179848 0.385966 -0.0139607 0.0725588 0.211641 -0.11717 0.355791 -0.139999 -0.185277 0.389265 1.73484 -0.0137981 -0.766002 1.53771 0.0144336 -0.767252 1.53647 -0.0196709 -0.76572 1.54856 0.0199388 -0.766981 1.54752 -0.0137981 -0.766002 1.53771 0.0144336 -0.767252 1.53647 -0.0196709 -0.76572 1.54856 0.0199388 -0.766981 1.54752 -0.0137981 -0.766002 1.53771 0.0144336 -0.767252 1.53647 -0.0196709 -0.76572 1.54856 0.0199388 -0.766981 1.54752 -0.000242259 -0.000193961 -4.41602e-05 0.000234031 -0.000221391 -4.72332e-05 -0.000471899 3.54784e-06 -0.000111809 0.000474816 -1.28864e-05 -0.000119645 -0.000242259 -0.000193961 -4.41602e-05 0.000234031 -0.000221391 -4.72332e-05 -0.000471899 3.54784e-06 -0.000111809 0.000474816 -1.28864e-05 -0.000119645 0.00120193 0.0039981 -0.00228643 -0.00156639 0.00274831 -0.0035342 0.00232906 0.00427991 -0.00144422 -0.0020612 0.00301933 -0.00248432 -0.358702 0.0403007 0.182517 0.162675 0.196929 -0.129488 -0.178865 0.633813 -0.123566 0.0539399 0.260502 0.872064 0 0 0 -0.0151546 0.0653161 -0.0312289 -0.269304 3.601 1.36331 -0.204855 -0.680955 1.67735 0.0164273 -0.736087 1.62164 -0.0585082 -0.604568 1.46138 -0.0527212 -0.601581 2.12514 -0.877884 0.482936 0.421581 0.0793485 0.159891 0.397694 -0.0938586 0.782629 -0.489924 -0.22541 0.922868 1.44626 -0.0137981 -0.766002 1.53771 0.0144336 -0.767252 1.53647 -0.0196709 -0.76572 1.54856 0.0199388 -0.766981 1.54752 -0.0137981 -0.766002 1.53771 0.0144336 -0.767252 1.53647 -0.0196709 -0.76572 1.54856 0.0199388 -0.766981 1.54752 -0.0558399 -0.753578 1.58837 0.012417 -0.761176 1.55468 -0.0311661 -0.735713 1.53745 -0.00796648 -0.758369 1.78198 -0.000242259 -0.000193961 -4.41602e-05 0.000234031 -0.000221391 -4.72332e-05 -0.000471899 3.54784e-06 -0.000111809 0.000474816 -1.28864e-05 -0.000119645 -0.469265 0.179848 0.385966 -0.0139607 0.0725588 0.211641 -0.11717 0.355791 -0.139999 -0.185277 0.389265 1.73484 -0.358702 0.0403007 0.182517 0.162675 0.196929 -0.129488 -0.178865 0.633813 -0.123566 0.0539399 0.260502 0.872064 -0.61529 0.168388 0.289898 0.180287 0.229066 -0.227132 -0.0256443 1.01058 -0.38466 -0.0744612 0.337457 1.03607 0 0 0 -0.0112008 0.15453 0.00879638 0.157793 4.73758 2.48868 -0.410563 -0.563272 1.75707 0.0515265 -0.694675 1.71108 -0.0720693 -0.408568 1.32826 -0.0976904 -0.434114 2.39002 -1.06303 0.614162 0.348366 0.253047 0.234442 0.433588 -0.0378466 1.07341 -0.776948 -0.195525 0.628198 1.08002 -0.0137981 -0.766002 1.53771 0.0144336 -0.767252 1.53647 -0.0196709 -0.76572 1.54856 0.0199388 -0.766981 1.54752 -0.0558399 -0.753578 1.58837 0.012417 -0.761176 1.55468 -0.0311661 -0.735713 1.53745 -0.00796648 -0.758369 1.78198 -0.204855 -0.680955 1.67735 0.0164273 -0.736087 1.62164 -0.0585082 -0.604568 1.46138 -0.0527212 -0.601581 2.12514 -0.469265 0.179848 0.385966 -0.0139607 0.0725588 0.211641 -0.11717 0.355791 -0.139999 -0.185277 0.389265 1.73484 -0.877884 0.482936 0.421581 0.0793485 0.159891 0.397694 -0.0938586 0.782629 -0.489924 -0.22541 0.922868 1.44626 -0.61529 0.168388 0.289898 0.180287 0.229066 -0.227132 -0.0256443 1.01058 -0.38466 -0.0744612 0.337457 1.03607 -0.834918 0.304504 0.349398 0.119149 0.225645 -0.293326 0.104845 1.27697 -0.60678 -0.121075 0.394458 1.17 0 0 0 0.0185995 0.25514 0.0718945 2.0163 4.5257 3.23813 -0.588766 -0.444397 1.81696 0.136182 -0.64344 1.7925 -0.0608319 -0.165054 1.13518 -0.122869 -0.353258 2.5767 -0.309716 0.472754 0.287558 0.600013 0.229712 0.324594 0.207713 1.20124 -1.04948 -0.000930469 0.183681 0.721151 -0.0558399 -0.753578 1.58837 0.012417 -0.761176 1.55468 -0.0311661 -0.735713 1.53745 -0.00796648 -0.758369 1.78198 -0.204855 -0.680955 1.67735 0.0164273 -0.736087 1.62164 -0.0585082 -0.604568 1.46138 -0.0527212 -0.601581 2.12514 -0.410563 -0.563272 1.75707 0.0515265 -0.694675 1.71108 -0.0720693 -0.408568 1.32826 -0.0976904 -0.434114 2.39002 -0.877884 0.482936 0.421581 0.0793485 0.159891 0.397694 -0.0938586 0.782629 -0.489924 -0.22541 0.922868 1.44626 -1.06303 0.614162 0.348366 0.253047 0.234442 0.433588 -0.0378466 1.07341 -0.776948 -0.195525 0.628198 1.08002 -0.834918 0.304504 0.349398 0.119149 0.225645 -0.293326 0.104845 1.27697 -0.60678 -0.121075 0.394458 1.17 -0.945049 0.394339 0.334641 0.101075 0.192585 -0.351473 0.176604 1.4161 -0.736702 -0.185767 0.429632 1.23177
