cmd 0 0 0
base_rpy 2.92059 0.629401 -0.0336387
projected_gravity -0.58866 0.0271877 -0.807923
body_omega -2.95969 0.786325 0.223824
base_acc 10.562 2.94879 2.31626
omega_world -2.62158 0.224198 -1.5828
base_quat_wxyz 0.94553 0.0182337 -0.309364 0.0996704
base_rot_mat 0.78872 -0.199765 -0.581391 0.177201 0.979467 -0.09615 0.58866 -0.0271877 0.807923
joint_pos_policy 0.449248 -0.522421 -0.555607 0.599032 -1.13993 -1.69865 -0.392279 -0.225833 0.0596591 0.766681 0.999329 0.993914
joint_vel_policy 0.78793 -1.09632 0.0437457 -1.46871 -0.789711 -3.74349 -0.423288 -0.059968 1.29415 6.7866 -2.34272 -0.794807
obs_contract cmd:3 base_rpy:3 body_omega:3 joint_pos:12 joint_vel:12 joint_pos_history:36 joint_vel_history:24 action_history:24
parity_build_id 2026-02-16-rpy-from-quat-history-abs-noise0-quat-fallback-rpy-actionhist-zero-delay1-rpy-step0-pi-canonical-neg
base_rpy_mode legacy_xyzw_from_rotmat_step0_pi_canonical_neg
history_frame_push_mode single_first_step
action_history_mode training_parity_zero_seed_delay1
history_seed_file_loaded 0
history_seed_file_used 0
history_seed_file_path none
joint_pos_history 0.413332 -0.469974 -0.560521 0.736144 -1.15633 -1.35107 -0.442074 -0.300404 0.0428711 0.113952 1.30469 1.08986 0.413785 -0.469744 -0.559052 0.701975 -1.13146 -1.44546 -0.401204 -0.257172 0.0302512 0.302371 1.19855 1.05845 0.424768 -0.486694 -0.557374 0.655138 -1.123 -1.55895 -0.384683 -0.231777 0.0304117 0.512698 1.09621 1.02672
pos_hist 0.413332 -0.469974 -0.560521 0.736144 -1.15633 -1.35107 -0.442074 -0.300404 0.0428711 0.113952 1.30469 1.08986 0.413785 -0.469744 -0.559052 0.701975 -1.13146 -1.44546 -0.401204 -0.257172 0.0302512 0.302371 1.19855 1.05845 0.424768 -0.486694 -0.557374 0.655138 -1.123 -1.55895 -0.384683 -0.231777 0.0304117 0.512698 1.09621 1.02672
joint_vel_history 0.115407 -0.165592 0.0390137 -0.985815 0.466021 -2.51385 0.7841 0.907953 -0.190316 4.82801 -2.6285 -0.776199 0.390295 -0.631933 0.0433422 -1.26854 0.0205788 -3.24027 0.180802 0.459129 0.155616 6.07883 -2.51487 -0.814229
vel_hist 0.115407 -0.165592 0.0390137 -0.985815 0.466021 -2.51385 0.7841 0.907953 -0.190316 4.82801 -2.6285 -0.776199 0.390295 -0.631933 0.0433422 -1.26854 0.0205788 -3.24027 0.180802 0.459129 0.155616 6.07883 -2.51487 -0.814229
action_history 2.78241 -2.02155 -3.21918 -2.27431 -2.61137 -8.17059 -2.46651 -0.851527 -10.8125 1.01345 -6.42911 -4.37302 3.09253 -2.8116 -3.07772 -2.16946 -4.28716 -9.22839 -3.43827 -2.01064 -7.81973 4.37304 -6.75866 -4.75332
tgt_hist 2.78241 -2.02155 -3.21918 -2.27431 -2.61137 -8.17059 -2.46651 -0.851527 -10.8125 1.01345 -6.42911 -4.37302 3.09253 -2.8116 -3.07772 -2.16946 -4.28716 -9.22839 -3.43827 -2.01064 -7.81973 4.37304 -6.75866 -4.75332
action_raw 4.47148 -4.72887 -4.57584 -1.43387 -7.3778 -8.8931 -4.33216 -4.34483 -3.28658 8.24244 -6.86684 -5.27347
action_offset 1.11787 -1.18222 -1.14396 -0.358468 -1.84445 -2.22328 -1.08304 -1.08621 -0.821645 2.06061 -1.71671 -1.31837
target_joint_pos_policy 1.10247 -1.16623 -1.16609 -0.336025 -2.61142 -2.99156 -1.84891 -1.85341 0.715966 3.59697 -0.16883 0.228422
target_joint_pos 1.10247 -2.61142 0.715966 -1.16623 -2.99156 3.59697 -1.16609 -1.84891 -0.16883 -0.336025 -1.85341 0.228422
joint_limits_lower -0.51777 -2.6433 0.51876 -0.51777 -2.6433 0.51876 -0.51777 -2.6433 0.51876 -0.51777 -2.6433 0.51876
joint_limits_upper 0.51777 0.31086 2.76408 0.51777 0.31086 2.76408 0.51777 0.31086 2.76408 0.51777 0.31086 2.76408
effort_limits 24 24 36 24 24 36 24 24 36 24 24 36
target_joint_pos_clipped 0.51777 -2.61142 0.715966 -0.51777 -2.6433 2.76408 -0.51777 -1.84891 0.51876 -0.336025 -1.85341 0.51876
pd_tau_raw 12.5128 -28.8771 12.2202 -12.1088 -23.2379 51.8551 -12.2403 -28.8362 -21.7233 -17.673 -32.5096 -14.7535
pd_tau_clipped 12.5128 -24 12.2202 -12.1088 -23.2379 36 -12.2403 -24 -21.7233 -17.673 -24 -14.7535
obs_flat 0 0 0 2.92059 0.629401 -0.0336387 -2.95969 0.786325 0.223824 0.449248 -0.522421 -0.555607 0.599032 -1.13993 -1.69865 -0.392279 -0.225833 0.0596591 0.766681 0.999329 0.993914 0.78793 -1.09632 0.0437457 -1.46871 -0.789711 -3.74349 -0.423288 -0.059968 1.29415 6.7866 -2.34272 -0.794807 0.413332 -0.469974 -0.560521 0.736144 -1.15633 -1.35107 -0.442074 -0.300404 0.0428711 0.113952 1.30469 1.08986 0.413785 -0.469744 -0.559052 0.701975 -1.13146 -1.44546 -0.401204 -0.257172 0.0302512 0.302371 1.19855 1.05845 0.424768 -0.486694 -0.557374 0.655138 -1.123 -1.55895 -0.384683 -0.231777 0.0304117 0.512698 1.09621 1.02672 0.115407 -0.165592 0.0390137 -0.985815 0.466021 -2.51385 0.7841 0.907953 -0.190316 4.82801 -2.6285 -0.776199 0.390295 -0.631933 0.0433422 -1.26854 0.0205788 -3.24027 0.180802 0.459129 0.155616 6.07883 -2.51487 -0.814229 2.78241 -2.02155 -3.21918 -2.27431 -2.61137 -8.17059 -2.46651 -0.851527 -10.8125 1.01345 -6.42911 -4.37302 3.09253 -2.8116 -3.07772 -2.16946 -4.28716 -9.22839 -3.43827 -2.01064 -7.81973 4.37304 -6.75866 -4.75332 0 0 0 2.98179 0.775604 0.0674924 0.195987 1.51585 0.175325 0.560204 -0.560264 -0.559059 0.541841 -2.72125 0.398497 -1.24622 -1.40706 3.20569 3.24551 1.58121 1.81572 0.000156034 0.000221568 0.00406826 -0.0254375 0.00695764 -0.000528363 0.189711 0.10925 0.0070934 -0.0283163 -0.533412 -0.47154 0.560155 -0.560287 -0.559692 0.545967 -2.72141 0.398579 -1.27197 -1.41885 3.2047 3.24576 1.64684 1.87358 0.560179 -0.560282 -0.559422 0.544219 -2.72136 0.398536 -1.26186 -1.41498 3.20511 3.24581 1.62248 1.85242 0.560193 -0.560274 -0.559228 0.542958 -2.72133 0.398514 -1.25402 -1.41124 3.20541 3.24581 1.60242 1.83445 0.000405521 0.000143388 0.00517703 -0.0334813 0.000841649 -0.000692912 0.198994 0.0852312 0.00794891 0.000474922 -0.491552 -0.435426 0.000325957 0.000231608 0.00463765 -0.0303466 0.00050377 -0.000467677 0.195344 0.0978566 0.00726366 -0.000340321 -0.509841 -0.456984 12 -12 -12 4.24528 -12 11.6393 -4.33837 -4.88324 12 12 -4.63028 -4.77823 12 -12 -12 4.68917 -11.3557 11.2228 -3.85535 -4.45711 12 12 -3.78712 -4.14729 0 0 0 2.98056 0.769647 0.067439 0.208395 1.48647 0.0819091 0.560195 -0.560262 -0.558903 0.541089 -2.72026 0.398366 -1.23987 -1.40237 3.20552 3.24074 1.55935 1.79698 -0.000540926 -9.33649e-05 0.00382276 -0.0139296 0.0390132 -0.00737852 0.124874 0.121212 -0.0231501 -0.206051 -0.577982 -0.462989 0.560179 -0.560282 -0.559422 0.544219 -2.72136 0.398536 -1.26186 -1.41498 3.20511 3.24581 1.62248 1.85242 0.560193 -0.560274 -0.559228 0.542958 -2.72133 0.398514 -1.25402 -1.41124 3.20541 3.24581 1.60242 1.83445 0.560204 -0.560264 -0.559059 0.541841 -2.72125 0.398497 -1.24622 -1.40706 3.20569 3.24551 1.58121 1.81572 0.000325957 0.000231608 0.00463765 -0.0303466 0.00050377 -0.000467677 0.195344 0.0978566 0.00726366 -0.000340321 -0.509841 -0.456984 0.000156034 0.000221568 0.00406826 -0.0254375 0.00695764 -0.000528363 0.189711 0.10925 0.0070934 -0.0283163 -0.533412 -0.47154 12 -12 -12 4.68917 -11.3557 11.2228 -3.85535 -4.45711 12 12 -3.78712 -4.14729 12 -12 -12 5.4007 -9.85298 10.5969 -3.31832 -3.87101 12 10.6059 -2.67107 -3.20891 0 0 0 2.98005 0.763777 0.067888 0.197532 1.48149 -0.0922601 0.560123 -0.560301 -0.558703 0.540889 -2.7127 0.397631 -1.23906 -1.39703 3.20212 3.21863 1.54787 1.77894 -0.00320666 -0.00213799 0.00674881 0.00192828 0.411624 -0.0293523 -0.0773466 0.147467 -0.154162 -0.97159 0.134611 -0.440852 0.560193 -0.560274 -0.559228 0.542958 -2.72133 0.398514 -1.25402 -1.41124 3.20541 3.24581 1.60242 1.83445 0.560204 -0.560264 -0.559059 0.541841 -2.72125 0.398497 -1.24622 -1.40706 3.20569 3.24551 1.58121 1.81572 0.560195 -0.560262 -0.558903 0.541089 -2.72026 0.398366 -1.23987 -1.40237 3.20552 3.24074 1.55935 1.79698 0.000156034 0.000221568 0.00406826 -0.0254375 0.00695764 -0.000528363 0.189711 0.10925 0.0070934 -0.0283163 -0.533412 -0.47154 -0.000540926 -9.33649e-05 0.00382276 -0.0139296 0.0390132 -0.00737852 0.124874 0.121212 -0.0231501 -0.206051 -0.577982 -0.462989 12 -12 -12 5.4007 -9.85298 10.5969 -3.31832 -3.87101 12 10.6059 -2.67107 -3.20891 12 -12 -12 6.43167 -7.82176 9.65893 -2.57769 -3.17597 11.0506 7.94733 -1.0482 -1.85966 0 0 0 2.98135 0.757391 0.0701635 0.498951 1.68014 -0.534934 0.559843 -0.560482 -0.558266 0.541373 -2.66948 0.394436 -1.24845 -1.38875 3.17464 3.12437 1.59655 1.77273 -0.00962886 -0.00597876 0.0134731 0.017701 1.57677 -0.119291 -0.30108 0.265378 -1.11378 -3.50048 1.92323 0.0860146 0.560204 -0.560264 -0.559059 0.541841 -2.72125 0.398497 -1.24622 -1.40706 3.20569 3.24551 1.58121 1.81572 0.560195 -0.560262 -0.558903 0.541089 -2.72026 0.398366 -1.23987 -1.40237 3.20552 3.24074 1.55935 1.79698 0.560123 -0.560301 -0.558703 0.540889 -2.7127 0.397631 -1.23906 -1.39703 3.20212 3.21863 1.54787 1.77894 -0.000540926 -9.33649e-05 0.00382276 -0.0139296 0.0390132 -0.00737852 0.124874 0.121212 -0.0231501 -0.206051 -0.577982 -0.462989 -0.00320666 -0.00213799 0.00674881 0.00192828 0.411624 -0.0293523 -0.0773466 0.147467 -0.154162 -0.97159 0.134611 -0.440852 12 -12 -12 6.43167 -7.82176 9.65893 -2.57769 -3.17597 11.0506 7.94733 -1.0482 -1.85966 12 -12 -12 7.75892 -4.64909 7.9508 -1.53792 -2.22878 8.21531 3.45754 1.66534 0.114574 0 0 0 2.98524 0.750124 0.0756178 0.79208 1.69093 -1.07935 0.559291 -0.560657 -0.557696 0.542366 -2.57722 0.382316 -1.26012 -1.3729 3.09575 2.9194 1.70814 1.7881 -0.0177182 -0.00261535 0.015164 0.0288272 2.7797 -0.564211 -0.322979 0.492842 -2.90824 -6.21826 3.52684 0.603334 0.560195 -0.560262 -0.558903 0.541089 -2.72026 0.398366 -1.23987 -1.40237 3.20552 3.24074 1.55935 1.79698 0.560123 -0.560301 -0.558703 0.540889 -2.7127 0.397631 -1.23906 -1.39703 3.20212 3.21863 1.54787 1.77894 0.559843 -0.560482 -0.558266 0.541373 -2.66948 0.394436 -1.24845 -1.38875 3.17464 3.12437 1.59655 1.77273 -0.00320666 -0.00213799 0.00674881 0.00192828 0.411624 -0.0293523 -0.0773466 0.147467 -0.154162 -0.97159 0.134611 -0.440852 -0.00962886 -0.00597876 0.0134731 0.017701 1.57677 -0.119291 -0.30108 0.265378 -1.11378 -3.50048 1.92323 0.0860146 12 -12 -12 7.75892 -4.64909 7.9508 -1.53792 -2.22878 8.21531 3.45754 1.66534 0.114574 12 -11.5209 -12 9.06477 -0.612584 4.75771 -0.0570738 -0.751467 3.08987 -3.70857 5.30472 2.05568 0 0 0 2.99277 0.743721 0.0840296 0.720565 1.30618 -1.76461 0.558319 -0.560453 -0.5572 0.543725 -2.44171 0.346175 -1.26688 -1.34283 2.9078 2.59597 1.87814 1.81758 -0.0284203 0.0111076 0.00952598 0.0368799 3.66177 -1.12091 -0.0318444 0.972683 -5.80824 -9.10948 4.61419 0.694323 0.560123 -0.560301 -0.558703 0.540889 -2.7127 0.397631 -1.23906 -1.39703 3.20212 3.21863 1.54787 1.77894 0.559843 -0.560482 -0.558266 0.541373 -2.66948 0.394436 -1.24845 -1.38875 3.17464 3.12437 1.59655 1.77273 0.559291 -0.560657 -0.557696 0.542366 -2.57722 0.382316 -1.26012 -1.3729 3.09575 2.9194 1.70814 1.7881 -0.00962886 -0.00597876 0.0134731 0.017701 1.57677 -0.119291 -0.30108 0.265378 -1.11378 -3.50048 1.92323 0.0860146 -0.0177182 -0.00261535 0.015164 0.0288272 2.7797 -0.564211 -0.322979 0.492842 -2.90824 -6.21826 3.52684 0.603334 12 -11.5209 -12 9.06477 -0.612584 4.75771 -0.0570738 -0.751467 3.08987 -3.70857 5.30472 2.05568 11.0815 -11.728 -11.8754 11.296 1.82967 1.77608 0.685899 0.555159 -4.54339 -12 8.76775 3.04647 0 0 0 3.00371 0.739341 0.0933463 0.331822 0.722315 -2.26695 0.556994 -0.559606 -0.557089 0.545307 -2.28351 0.305749 -1.25327 -1.29025 2.59754 2.197 2.07009 1.83951 -0.0369965 0.0260863 -0.00226981 0.0413145 4.06877 -0.861156 0.637288 1.55596 -8.89766 -10.297 4.67541 0.292528 0.559843 -0.560482 -0.558266 0.541373 -2.66948 0.394436 -1.24845 -1.38875 3.17464 3.12437 1.59655 1.77273 0.559291 -0.560657 -0.557696 0.542366 -2.57722 0.382316 -1.26012 -1.3729 3.09575 2.9194 1.70814 1.7881 0.558319 -0.560453 -0.5572 0.543725 -2.44171 0.346175 -1.26688 -1.34283 2.9078 2.59597 1.87814 1.81758 -0.0177182 -0.00261535 0.015164 0.0288272 2.7797 -0.564211 -0.322979 0.492842 -2.90824 -6.21826 3.52684 0.603334 -0.0284203 0.0111076 0.00952598 0.0368799 3.66177 -1.12091 -0.0318444 0.972683 -5.80824 -9.10948 4.61419 0.694323 11.0815 -11.728 -11.8754 11.296 1.82967 1.77608 0.685899 0.555159 -4.54339 -12 8.76775 3.04647 7.85787 -11.3896 -11.6342 12 1.23866 -1.38157 1.44665 2.26116 -12 -12 9.70509 2.59319 0 0 0 3.01596 0.735886 0.102173 0.10731 0.678489 -2.31387 0.555062 -0.558469 -0.557521 0.547035 -2.11553 0.28846 -1.20373 -1.21211 2.19695 1.77978 2.22776 1.82193 -0.0573036 0.0282869 -0.0160632 0.0442554 4.27997 -0.146197 1.62403 2.17312 -10.4673 -10.4177 3.2525 -1.02179 0.559291 -0.560657 -0.557696 0.542366 -2.57722 0.382316 -1.26012 -1.3729 3.09575 2.9194 1.70814 1.7881 0.558319 -0.560453 -0.5572 0.543725 -2.44171 0.346175 -1.26688 -1.34283 2.9078 2.59597 1.87814 1.81758 0.556994 -0.559606 -0.557089 0.545307 -2.28351 0.305749 -1.25327 -1.29025 2.59754 2.197 2.07009 1.83951 -0.0284203 0.0111076 0.00952598 0.0368799 3.66177 -1.12091 -0.0318444 0.972683 -5.80824 -9.10948 4.61419 0.694323 -0.0369965 0.0260863 -0.00226981 0.0413145 4.06877 -0.861156 0.637288 1.55596 -8.89766 -10.297 4.67541 0.292528 7.85787 -11.3896 -11.6342 12 1.23866 -1.38157 1.44665 2.26116 -12 -12 9.70509 2.59319 4.93338 -10.2246 -11.4373 12 -0.210216 -1.96945 2.24365 3.15213 -12 -12 7.96426 0.779032 0 0 0 3.02677 0.732079 0.110678 0.509499 0.75613 -1.91668 0.552309 -0.557303 -0.558385 0.548786 -1.93841 0.295562 -1.11974 -1.1203 1.76724 1.37682 2.30295 1.7535 -0.0722923 0.0305328 -0.0238473 0.0429581 4.50475 0.308567 2.32271 2.3025 -10.7948 -9.77064 1.0212 -2.03624 0.558319 -0.560453 -0.5572 0.543725 -2.44171 0.346175 -1.26688 -1.34283 2.9078 2.59597 1.87814 1.81758 0.556994 -0.559606 -0.557089 0.545307 -2.28351 0.305749 -1.25327 -1.29025 2.59754 2.197 2.07009 1.83951 0.555062 -0.558469 -0.557521 0.547035 -2.11553 0.28846 -1.20373 -1.21211 2.19695 1.77978 2.22776 1.82193 -0.0369965 0.0260863 -0.00226981 0.0413145 4.06877 -0.861156 0.637288 1.55596 -8.89766 -10.297 4.67541 0.292528 -0.0573036 0.0282869 -0.0160632 0.0442554 4.27997 -0.146197 1.62403 2.17312 -10.4673 -10.4177 3.2525 -1.02179 4.93338 -10.2246 -11.4373 12 -0.210216 -1.96945 2.24365 3.15213 -12 -12 7.96426 0.779032 2.24325 -8.19041 -10.5525 12 -0.584466 -0.833762 2.59521 2.5739 -12 -12 4.86818 -1.72017 0 0 0 3.03452 0.728518 0.118911 0.92604 0.697904 -1.28634 0.549501 -0.556066 -0.55931 0.550319 -1.75915 0.306069 -1.0197 -1.0325 1.34677 1.01881 2.30541 1.66426 -0.0682117 0.0322026 -0.0220528 0.0337277 4.43021 0.166606 2.58295 2.0948 -10.2401 -8.38012 -0.502841 -2.27442 0.556994 -0.559606 -0.557089 0.545307 -2.28351 0.305749 -1.25327 -1.29025 2.59754 2.197 2.07009 1.83951 0.555062 -0.558469 -0.557521 0.547035 -2.11553 0.28846 -1.20373 -1.21211 2.19695 1.77978 2.22776 1.82193 0.552309 -0.557303 -0.558385 0.548786 -1.93841 0.295562 -1.11974 -1.1203 1.76724 1.37682 2.30295 1.7535 -0.0573036 0.0282869 -0.0160632 0.0442554 4.27997 -0.146197 1.62403 2.17312 -10.4673 -10.4177 3.2525 -1.02179 -0.0722923 0.0305328 -0.0238473 0.0429581 4.50475 0.308567 2.32271 2.3025 -10.7948 -9.77064 1.0212 -2.03624 2.24325 -8.19041 -10.5525 12 -0.584466 -0.833762 2.59521 2.5739 -12 -12 4.86818 -1.72017 1.35684 -6.03142 -8.97066 9.39625 0.1744 -0.125775 2.18579 1.41433 -12 -12 1.77084 -2.6799 0 0 0 3.03879 0.725505 0.125907 1.10462 0.626604 -0.645303 0.546955 -0.55473 -0.560034 0.551313 -1.59187 0.301242 -0.915201 -0.956298 0.969193 0.723687 2.26086 1.57574 -0.0605357 0.0351339 -0.0148725 0.0174892 4.0013 -0.320502 2.62584 1.77598 -8.88519 -6.77778 -1.48518 -2.12516 0.555062 -0.558469 -0.557521 0.547035 -2.11553 0.28846 -1.20373 -1.21211 2.19695 1.77978 2.22776 1.82193 0.552309 -0.557303 -0.558385 0.548786 -1.93841 0.295562 -1.11974 -1.1203 1.76724 1.37682 2.30295 1.7535 0.549501 -0.556066 -0.55931 0.550319 -1.75915 0.306069 -1.0197 -1.0325 1.34677 1.01881 2.30541 1.66426 -0.0722923 0.0305328 -0.0238473 0.0429581 4.50475 0.308567 2.32271 2.3025 -10.7948 -9.77064 1.0212 -2.03624 -0.0682117 0.0322026 -0.0220528 0.0337277 4.43021 0.166606 2.58295 2.0948 -10.2401 -8.38012 -0.502841 -2.27442 1.35684 -6.03142 -8.97066 9.39625 0.1744 -0.125775 2.18579 1.41433 -12 -12 1.77084 -2.6799 1.43073 -4.78217 -7.95486 6.86602 0.578364 -0.30896 2.30731 0.785289 -12 -12 0.543709 -2.78184 0 0 0 3.03993 0.72255 0.13249 1.21936 0.526361 0.000312422 0.544234 -0.552747 -0.560338 0.551323 -1.41406 0.262586 -0.785312 -0.880627 0.588253 0.44033 2.15668 1.48182 -0.0504744 0.0427583 0.000386254 -0.0114323 3.24791 -1.16319 2.56564 1.34227 -6.7565 -4.72204 -2.46634 -1.69781 0.552309 -0.557303 -0.558385 0.548786 -1.93841 0.295562 -1.11974 -1.1203 1.76724 1.37682 2.30295 1.7535 0.549501 -0.556066 -0.55931 0.550319 -1.75915 0.306069 -1.0197 -1.0325 1.34677 1.01881 2.30541 1.66426 0.546955 -0.55473 -0.560034 0.551313 -1.59187 0.301242 -0.915201 -0.956298 0.969193 0.723687 2.26086 1.57574 -0.0682117 0.0322026 -0.0220528 0.0337277 4.43021 0.166606 2.58295 2.0948 -10.2401 -8.38012 -0.502841 -2.27442 -0.0605357 0.0351339 -0.0148725 0.0174892 4.0013 -0.320502 2.62584 1.77598 -8.88519 -6.77778 -1.48518 -2.12516 1.43073 -4.78217 -7.95486 6.86602 0.578364 -0.30896 2.30731 0.785289 -12 -12 0.543709 -2.78184 1.66347 -3.47138 -6.78339 4.34708 0.899787 -0.734338 2.63194 0.350333 -12 -12 -0.708573 -2.62846 0 0 0 3.03841 0.720774 0.136391 1.19987 0.468974 0.336442 0.542367 -0.550923 -0.560001 0.54997 -1.29992 0.195505 -0.686226 -0.833912 0.361403 0.299121 2.04466 1.42085 -0.0443926 0.0473955 0.0129693 -0.0572428 2.559 -1.97444 2.41732 1.07633 -4.83478 -2.86621 -3.02545 -1.44124 0.549501 -0.556066 -0.55931 0.550319 -1.75915 0.306069 -1.0197 -1.0325 1.34677 1.01881 2.30541 1.66426 0.546955 -0.55473 -0.560034 0.551313 -1.59187 0.301242 -0.915201 -0.956298 0.969193 0.723687 2.26086 1.57574 0.544234 -0.552747 -0.560338 0.551323 -1.41406 0.262586 -0.785312 -0.880627 0.588253 0.44033 2.15668 1.48182 -0.0605357 0.0351339 -0.0148725 0.0174892 4.0013 -0.320502 2.62584 1.77598 -8.88519 -6.77778 -1.48518 -2.12516 -0.0504744 0.0427583 0.000386254 -0.0114323 3.24791 -1.16319 2.56564 1.34227 -6.7565 -4.72204 -2.46634 -1.69781 1.66347 -3.47138 -6.78339 4.34708 0.899787 -0.734338 2.63194 0.350333 -12 -12 -0.708573 -2.62846 1.84751 -2.57626 -5.96639 2.89029 1.02885 -1.22429 2.6912 0.256104 -11.7459 -11.2881 -1.7645 -2.46425 0 0 0 3.03544 0.719187 0.138694 0.977812 0.456586 0.56677 0.540678 -0.548971 -0.559208 0.542733 -1.21442 0.0932728 -0.594963 -0.797125 0.215302 0.236455 1.90751 1.36615 -0.0413884 0.0493398 0.0238435 -0.24783 1.91955 -2.75659 2.18782 0.834715 -3.03724 -1.20263 -3.56724 -1.32641 0.546955 -0.55473 -0.560034 0.551313 -1.59187 0.301242 -0.915201 -0.956298 0.969193 0.723687 2.26086 1.57574 0.544234 -0.552747 -0.560338 0.551323 -1.41406 0.262586 -0.785312 -0.880627 0.588253 0.44033 2.15668 1.48182 0.542367 -0.550923 -0.560001 0.54997 -1.29992 0.195505 -0.686226 -0.833912 0.361403 0.299121 2.04466 1.42085 -0.0504744 0.0427583 0.000386254 -0.0114323 3.24791 -1.16319 2.56564 1.34227 -6.7565 -4.72204 -2.46634 -1.69781 -0.0443926 0.0473955 0.0129693 -0.0572428 2.559 -1.97444 2.41732 1.07633 -4.83478 -2.86621 -3.02545 -1.44124 1.84751 -2.57626 -5.96639 2.89029 1.02885 -1.22429 2.6912 0.256104 -11.7459 -11.2881 -1.7645 -2.46425 1.8786 -1.84036 -5.44989 1.69552 1.02597 -1.94686 2.40796 0.268417 -11.3447 -9.47934 -2.831 -2.53802 0 0 0 3.03167 0.717883 0.139643 0.764648 0.391006 0.721361 0.539073 -0.547054 -0.558027 0.528335 -1.14926 -0.0336274 -0.514864 -0.76976 0.125357 0.223558 1.76256 1.31616 -0.0390052 0.0458578 0.0322525 -0.449238 1.45341 -3.51419 1.87471 0.571318 -1.82286 0.452293 -3.65702 -1.19681 0.544234 -0.552747 -0.560338 0.551323 -1.41406 0.262586 -0.785312 -0.880627 0.588253 0.44033 2.15668 1.48182 0.542367 -0.550923 -0.560001 0.54997 -1.29992 0.195505 -0.686226 -0.833912 0.361403 0.299121 2.04466 1.42085 0.540678 -0.548971 -0.559208 0.542733 -1.21442 0.0932728 -0.594963 -0.797125 0.215302 0.236455 1.90751 1.36615 -0.0443926 0.0473955 0.0129693 -0.0572428 2.559 -1.97444 2.41732 1.07633 -4.83478 -2.86621 -3.02545 -1.44124 -0.0413884 0.0493398 0.0238435 -0.24783 1.91955 -2.75659 2.18782 0.834715 -3.03724 -1.20263 -3.56724 -1.32641 1.8786 -1.84036 -5.44989 1.69552 1.02597 -1.94686 2.40796 0.268417 -11.3447 -9.47934 -2.831 -2.53802 1.92211 -1.55584 -5.02285 0.380266 0.777843 -2.78426 1.96892 -0.103384 -11.4175 -7.75527 -3.80993 -2.83623 0 0 0 3.02601 0.716985 0.138926 0.510736 0.204582 0.879617 0.537348 -0.545198 -0.556225 0.49702 -1.09634 -0.24711 -0.438208 -0.755198 0.0749283 0.335822 1.58796 1.2656 -0.029941 0.0285256 0.0377768 -0.744641 0.764667 -4.86655 1.24974 0.0610222 -0.503394 3.71247 -3.29778 -0.834817 0.542367 -0.550923 -0.560001 0.54997 -1.29992 0.195505 -0.686226 -0.833912 0.361403 0.299121 2.04466 1.42085 0.540678 -0.548971 -0.559208 0.542733 -1.21442 0.0932728 -0.594963 -0.797125 0.215302 0.236455 1.90751 1.36615 0.539073 -0.547054 -0.558027 0.528335 -1.14926 -0.0336274 -0.514864 -0.76976 0.125357 0.223558 1.76256 1.31616 -0.0413884 0.0493398 0.0238435 -0.24783 1.91955 -2.75659 2.18782 0.834715 -3.03724 -1.20263 -3.56724 -1.32641 -0.0390052 0.0458578 0.0322525 -0.449238 1.45341 -3.51419 1.87471 0.571318 -1.82286 0.452293 -3.65702 -1.19681 1.92211 -1.55584 -5.02285 0.380266 0.777843 -2.78426 1.96892 -0.103384 -11.4175 -7.75527 -3.80993 -2.83623 2.0553 -1.85535 -4.82851 -0.828424 -0.389609 -4.03252 1.11243 -0.986103 -10.6795 -4.85112 -4.4839 -3.11059 0 0 0 3.02132 0.717267 0.13771 0.485519 -0.0138691 0.869531 0.536364 -0.54439 -0.554685 0.471187 -1.08112 -0.447706 -0.401841 -0.760747 0.0822358 0.490281 1.46751 1.24814 -0.0189507 0.0124869 0.0390021 -0.497461 -0.120114 -5.43169 0.668187 -0.24213 1.35566 4.93538 -2.76727 -0.118181 0.540678 -0.548971 -0.559208 0.542733 -1.21442 0.0932728 -0.594963 -0.797125 0.215302 0.236455 1.90751 1.36615 0.539073 -0.547054 -0.558027 0.528335 -1.14926 -0.0336274 -0.514864 -0.76976 0.125357 0.223558 1.76256 1.31616 0.537348 -0.545198 -0.556225 0.49702 -1.09634 -0.24711 -0.438208 -0.755198 0.0749283 0.335822 1.58796 1.2656 -0.0390052 0.0458578 0.0322525 -0.449238 1.45341 -3.51419 1.87471 0.571318 -1.82286 0.452293 -3.65702 -1.19681 -0.029941 0.0285256 0.0377768 -0.744641 0.764667 -4.86655 1.24974 0.0610222 -0.503394 3.71247 -3.29778 -0.834817 2.0553 -1.85535 -4.82851 -0.828424 -0.389609 -4.03252 1.11243 -0.986103 -10.6795 -4.85112 -4.4839 -3.11059 2.70685 -3.40322 -4.9981 -1.27366 -3.00177 -5.5242 -0.65499 -2.40057 -7.54745 0.506183 -4.57942 -2.94351 0 0 0 3.01716 0.718169 0.137074 0.514954 -0.132685 0.78232 0.535887 -0.544318 -0.55314 0.459425 -1.10373 -0.675135 -0.391087 -0.774973 0.167163 0.709376 1.37133 1.25372 -0.00796692 -0.00389066 0.0368324 -0.195046 -0.833117 -5.78235 0.0793544 -0.404157 2.57781 5.65548 -2.29728 0.241836 0.539073 -0.547054 -0.558027 0.528335 -1.14926 -0.0336274 -0.514864 -0.76976 0.125357 0.223558 1.76256 1.31616 0.537348 -0.545198 -0.556225 0.49702 -1.09634 -0.24711 -0.438208 -0.755198 0.0749283 0.335822 1.58796 1.2656 0.536364 -0.54439 -0.554685 0.471187 -1.08112 -0.447706 -0.401841 -0.760747 0.0822358 0.490281 1.46751 1.24814 -0.029941 0.0285256 0.0377768 -0.744641 0.764667 -4.86655 1.24974 0.0610222 -0.503394 3.71247 -3.29778 -0.834817 -0.0189507 0.0124869 0.0390021 -0.497461 -0.120114 -5.43169 0.668187 -0.24213 1.35566 4.93538 -2.76727 -0.118181 2.70685 -3.40322 -4.9981 -1.27366 -3.00177 -5.5242 -0.65499 -2.40057 -7.54745 0.506183 -4.57942 -2.94351 3.56769 -4.80031 -5.10211 -0.490513 -5.27413 -6.14265 -2.40311 -3.00695 -3.88109 5.05757 -4.2811 -2.45839 0 0 0 3.01326 0.719018 0.135951 0.178522 -0.052751 0.729417 0.535763 -0.544731 -0.551896 0.455299 -1.14981 -0.906455 -0.397294 -0.792734 0.284451 0.930489 1.28131 1.26717 0.00129665 -0.0146806 0.0259787 -0.0712216 -1.50964 -5.78481 -0.289622 -0.455837 3.60708 5.53493 -2.23203 0.377291 0.537348 -0.545198 -0.556225 0.49702 -1.09634 -0.24711 -0.438208 -0.755198 0.0749283 0.335822 1.58796 1.2656 0.536364 -0.54439 -0.554685 0.471187 -1.08112 -0.447706 -0.401841 -0.760747 0.0822358 0.490281 1.46751 1.24814 0.535887 -0.544318 -0.55314 0.459425 -1.10373 -0.675135 -0.391087 -0.774973 0.167163 0.709376 1.37133 1.25372 -0.0189507 0.0124869 0.0390021 -0.497461 -0.120114 -5.43169 0.668187 -0.24213 1.35566 4.93538 -2.76727 -0.118181 -0.00796692 -0.00389066 0.0368324 -0.195046 -0.833117 -5.78235 0.0793544 -0.404157 2.57781 5.65548 -2.29728 0.241836 3.56769 -4.80031 -5.10211 -0.490513 -5.27413 -6.14265 -2.40311 -3.00695 -3.88109 5.05757 -4.2811 -2.45839 3.8646 -4.98848 -5.84543 -0.840818 -6.52911 -6.53195 -2.23965 -4.12052 -2.77752 6.40736 -4.77967 -3.60412 0 0 0 3.00954 0.719333 0.132446 -0.595276 0.0538387 0.693133 0.536089 -0.545508 -0.551298 0.452729 -1.22629 -1.13258 -0.416885 -0.811193 0.448676 1.14461 1.19131 1.28358 0.0123005 -0.0213832 0.00753183 -0.0745894 -2.13035 -5.51483 -0.597737 -0.458567 4.32582 5.14764 -2.29179 0.416762 0.536364 -0.54439 -0.554685 0.471187 -1.08112 -0.447706 -0.401841 -0.760747 0.0822358 0.490281 1.46751 1.24814 0.535887 -0.544318 -0.55314 0.459425 -1.10373 -0.675135 -0.391087 -0.774973 0.167163 0.709376 1.37133 1.25372 0.535763 -0.544731 -0.551896 0.455299 -1.14981 -0.906455 -0.397294 -0.792734 0.284451 0.930489 1.28131 1.26717 -0.00796692 -0.00389066 0.0368324 -0.195046 -0.833117 -5.78235 0.0793544 -0.404157 2.57781 5.65548 -2.29728 0.241836 0.00129665 -0.0146806 0.0259787 -0.0712216 -1.50964 -5.78481 -0.289622 -0.455837 3.60708 5.53493 -2.23203 0.377291 3.8646 -4.98848 -5.84543 -0.840818 -6.52911 -6.53195 -2.23965 -4.12052 -2.77752 6.40736 -4.77967 -3.60412 4.87104 -5.90224 -7.25987 -0.732057 -8.34088 -5.46072 -2.80376 -5.49542 -0.663306 8.05668 -5.1426 -4.34075 0 0 0 3.00578 0.719068 0.12456 -1.86183 0.232629 0.700067 0.536774 -0.546339 -0.551447 0.447404 -1.32251 -1.33897 -0.445362 -0.828263 0.6278 1.33233 1.09425 1.2989 0.0193874 -0.0194723 -0.00988958 -0.178939 -2.54674 -4.91973 -0.763361 -0.400329 4.517 4.42816 -2.51304 0.350778 0.535887 -0.544318 -0.55314 0.459425 -1.10373 -0.675135 -0.391087 -0.774973 0.167163 0.709376 1.37133 1.25372 0.535763 -0.544731 -0.551896 0.455299 -1.14981 -0.906455 -0.397294 -0.792734 0.284451 0.930489 1.28131 1.26717 0.536089 -0.545508 -0.551298 0.452729 -1.22629 -1.13258 -0.416885 -0.811193 0.448676 1.14461 1.19131 1.28358 0.00129665 -0.0146806 0.0259787 -0.0712216 -1.50964 -5.78481 -0.289622 -0.455837 3.60708 5.53493 -2.23203 0.377291 0.0123005 -0.0213832 0.00753183 -0.0745894 -2.13035 -5.51483 -0.597737 -0.458567 4.32582 5.14764 -2.29179 0.416762 4.87104 -5.90224 -7.25987 -0.732057 -8.34088 -5.46072 -2.80376 -5.49542 -0.663306 8.05668 -5.1426 -4.34075 5.6703 -6.4896 -8.3191 -0.764114 -9.04478 -4.40164 -3.09851 -6.42615 0.274166 8.29599 -5.58719 -5.23271 0 0 0 3.00173 0.718116 0.110774 -3.38625 0.41188 0.767294 0.537658 -0.546982 -0.552151 0.436553 -1.43199 -1.51971 -0.479547 -0.842654 0.807375 1.49694 0.993292 1.31071 0.0245174 -0.0139059 -0.0219928 -0.337262 -2.91299 -4.25308 -0.886304 -0.331833 4.6994 3.90755 -2.52888 0.257848 0.535763 -0.544731 -0.551896 0.455299 -1.14981 -0.906455 -0.397294 -0.792734 0.284451 0.930489 1.28131 1.26717 0.536089 -0.545508 -0.551298 0.452729 -1.22629 -1.13258 -0.416885 -0.811193 0.448676 1.14461 1.19131 1.28358 0.536774 -0.546339 -0.551447 0.447404 -1.32251 -1.33897 -0.445362 -0.828263 0.6278 1.33233 1.09425 1.2989 0.0123005 -0.0213832 0.00753183 -0.0745894 -2.13035 -5.51483 -0.597737 -0.458567 4.32582 5.14764 -2.29179 0.416762 0.0193874 -0.0194723 -0.00988958 -0.178939 -2.54674 -4.91973 -0.763361 -0.400329 4.517 4.42816 -2.51304 0.350778 5.6703 -6.4896 -8.3191 -0.764114 -9.04478 -4.40164 -3.09851 -6.42615 0.274166 8.29599 -5.58719 -5.23271 6.0655 -6.55157 -9.16997 -1.12608 -9.05704 -3.32209 -2.64857 -7.00668 1.4781 8.08679 -6.02135 -6.44422 0 0 0 2.99688 0.716514 0.0901654 -4.94492 0.534485 0.95105 0.53871 -0.547352 -0.553212 0.418657 -1.55355 -1.67026 -0.517354 -0.854501 0.993262 1.63848 0.896767 1.31864 0.0269984 -0.00583163 -0.0286314 -0.516734 -3.10387 -3.42823 -0.976128 -0.276571 4.66473 3.20505 -2.28997 0.161761 0.536089 -0.545508 -0.551298 0.452729 -1.22629 -1.13258 -0.416885 -0.811193 0.448676 1.14461 1.19131 1.28358 0.536774 -0.546339 -0.551447 0.447404 -1.32251 -1.33897 -0.445362 -0.828263 0.6278 1.33233 1.09425 1.2989 0.537658 -0.546982 -0.552151 0.436553 -1.43199 -1.51971 -0.479547 -0.842654 0.807375 1.49694 0.993292 1.31071 0.0193874 -0.0194723 -0.00988958 -0.178939 -2.54674 -4.91973 -0.763361 -0.400329 4.517 4.42816 -2.51304 0.350778 0.0245174 -0.0139059 -0.0219928 -0.337262 -2.91299 -4.25308 -0.886304 -0.331833 4.6994 3.90755 -2.52888 0.257848 6.0655 -6.55157 -9.16997 -1.12608 -9.05704 -3.32209 -2.64857 -7.00668 1.4781 8.08679 -6.02135 -6.44422 6.81381 -6.84555 -9.8513 -1.24284 -8.81634 -1.56592 -1.89601 -7.15085 3.2573 7.64349 -5.98469 -7.15652 0 0 0 2.98905 0.713996 0.0552477 -6.58441 0.623737 1.27087 0.540029 -0.547353 -0.554692 0.386679 -1.70796 -1.80738 -0.568945 -0.866681 1.2143 1.77375 0.796776 1.32316 0.0254438 0.00372455 -0.0288857 -0.715786 -3.03728 -2.24147 -1.09158 -0.217656 4.28473 2.26282 -1.69466 0.036701 0.536774 -0.546339 -0.551447 0.447404 -1.32251 -1.33897 -0.445362 -0.828263 0.6278 1.33233 1.09425 1.2989 0.537658 -0.546982 -0.552151 0.436553 -1.43199 -1.51971 -0.479547 -0.842654 0.807375 1.49694 0.993292 1.31071 0.53871 -0.547352 -0.553212 0.418657 -1.55355 -1.67026 -0.517354 -0.854501 0.993262 1.63848 0.896767 1.31864 0.0245174 -0.0139059 -0.0219928 -0.337262 -2.91299 -4.25308 -0.886304 -0.331833 4.6994 3.90755 -2.52888 0.257848 0.0269984 -0.00583163 -0.0286314 -0.516734 -3.10387 -3.42823 -0.976128 -0.276571 4.66473 3.20505 -2.28997 0.161761 6.81381 -6.84555 -9.8513 -1.24284 -8.81634 -1.56592 -1.89601 -7.15085 3.2573 7.64349 -5.98469 -7.15652 7.11024 -6.68889 -9.87938 -1.11836 -7.64413 -0.150396 -0.994751 -6.69903 4.48458 6.2439 -5.45136 -7.29454 0 0 0 2.98175 0.711471 0.0238614 -6.08422 0.707184 1.30827 0.541041 -0.546998 -0.556193 0.35756 -1.82184 -1.87296 -0.613863 -0.874093 1.37481 1.84798 0.756837 1.3225 0.026586 0.0134818 -0.0524704 -0.660046 -2.63577 -1.28764 -1.15698 -0.169114 3.7506 1.53276 -0.126062 -0.032629 0.537658 -0.546982 -0.552151 0.436553 -1.43199 -1.51971 -0.479547 -0.842654 0.807375 1.49694 0.993292 1.31071 0.53871 -0.547352 -0.553212 0.418657 -1.55355 -1.67026 -0.517354 -0.854501 0.993262 1.63848 0.896767 1.31864 0.540029 -0.547353 -0.554692 0.386679 -1.70796 -1.80738 -0.568945 -0.866681 1.2143 1.77375 0.796776 1.32316 0.0269984 -0.00583163 -0.0286314 -0.516734 -3.10387 -3.42823 -0.976128 -0.276571 4.66473 3.20505 -2.28997 0.161761 0.0254438 0.00372455 -0.0288857 -0.715786 -3.03728 -2.24147 -1.09158 -0.217656 4.28473 2.26282 -1.69466 0.036701 7.11024 -6.68889 -9.87938 -1.11836 -7.64413 -0.150396 -0.994751 -6.69903 4.48458 6.2439 -5.45136 -7.29454 7.45196 -6.77438 -9.72081 -0.364105 -6.03349 1.16126 -0.535013 -5.83723 5.38084 4.64392 -4.63511 -6.73141 0 0 0 2.97527 0.708434 0.000684564 -4.02014 0.763585 1.17572 0.54214 -0.54621 -0.55897 0.337489 -1.90742 -1.89893 -0.656277 -0.880117 1.50507 1.87824 0.784624 1.32078 0.0265085 0.0224696 -0.0728065 -0.410652 -1.78589 -0.230885 -1.02439 -0.151299 2.87345 0.145149 1.09471 -0.0394513 0.53871 -0.547352 -0.553212 0.418657 -1.55355 -1.67026 -0.517354 -0.854501 0.993262 1.63848 0.896767 1.31864 0.540029 -0.547353 -0.554692 0.386679 -1.70796 -1.80738 -0.568945 -0.866681 1.2143 1.77375 0.796776 1.32316 0.541041 -0.546998 -0.556193 0.35756 -1.82184 -1.87296 -0.613863 -0.874093 1.37481 1.84798 0.756837 1.3225 0.0254438 0.00372455 -0.0288857 -0.715786 -3.03728 -2.24147 -1.09158 -0.217656 4.28473 2.26282 -1.69466 0.036701 0.026586 0.0134818 -0.0524704 -0.660046 -2.63577 -1.28764 -1.15698 -0.169114 3.7506 1.53276 -0.126062 -0.032629 7.45196 -6.77438 -9.72081 -0.364105 -6.03349 1.16126 -0.535013 -5.83723 5.38084 4.64392 -4.63511 -6.73141 7.81259 -7.1309 -9.32806 1.12427 -4.01662 2.00884 -0.490392 -4.66241 5.34757 2.68633 -3.55409 -5.48074 0 0 0 2.9694 0.705292 -0.0151607 -2.59796 0.631023 1.08551 0.543119 -0.545232 -0.561783 0.326809 -1.95682 -1.88098 -0.692669 -0.885972 1.60073 1.84955 0.838368 1.31966 0.0212825 0.0253615 -0.0620426 -0.151517 -0.832178 0.921354 -0.970033 -0.162135 1.80783 -1.62664 1.73009 0.0197065 0.540029 -0.547353 -0.554692 0.386679 -1.70796 -1.80738 -0.568945 -0.866681 1.2143 1.77375 0.796776 1.32316 0.541041 -0.546998 -0.556193 0.35756 -1.82184 -1.87296 -0.613863 -0.874093 1.37481 1.84798 0.756837 1.3225 0.54214 -0.54621 -0.55897 0.337489 -1.90742 -1.89893 -0.656277 -0.880117 1.50507 1.87824 0.784624 1.32078 0.026586 0.0134818 -0.0524704 -0.660046 -2.63577 -1.28764 -1.15698 -0.169114 3.7506 1.53276 -0.126062 -0.032629 0.0265085 0.0224696 -0.0728065 -0.410652 -1.78589 -0.230885 -1.02439 -0.151299 2.87345 0.145149 1.09471 -0.0394513 7.81259 -7.1309 -9.32806 1.12427 -4.01662 2.00884 -0.490392 -4.66241 5.34757 2.68633 -3.55409 -5.48074 7.73816 -7.33717 -8.91379 2.73442 -1.96776 2.29836 -0.367914 -3.41562 4.48361 0.334606 -2.03147 -3.88225 0 0 0 2.96428 0.704735 -0.0263438 -1.43202 -0.315704 0.854133 0.543671 -0.544265 -0.563349 0.33437 -1.95573 -1.81558 -0.739539 -0.893128 1.60787 1.70544 0.939313 1.32698 0.00948217 0.0225942 -0.0255384 0.482112 0.637871 2.02994 -1.34698 -0.172204 -1.20551 -5.00686 3.1711 0.308632 0.541041 -0.546998 -0.556193 0.35756 -1.82184 -1.87296 -0.613863 -0.874093 1.37481 1.84798 0.756837 1.3225 0.54214 -0.54621 -0.55897 0.337489 -1.90742 -1.89893 -0.656277 -0.880117 1.50507 1.87824 0.784624 1.32078 0.543119 -0.545232 -0.561783 0.326809 -1.95682 -1.88098 -0.692669 -0.885972 1.60073 1.84955 0.838368 1.31966 0.0265085 0.0224696 -0.0728065 -0.410652 -1.78589 -0.230885 -1.02439 -0.151299 2.87345 0.145149 1.09471 -0.0394513 0.0212825 0.0253615 -0.0620426 -0.151517 -0.832178 0.921354 -0.970033 -0.162135 1.80783 -1.62664 1.73009 0.0197065 7.73816 -7.33717 -8.91379 2.73442 -1.96776 2.29836 -0.367914 -3.41562 4.48361 0.334606 -2.03147 -3.88225 7.1 -7.16337 -8.61218 5.03234 1.09662 1.71151 0.55049 -1.34491 1.15541 -5.38224 1.20176 -1.49707 0 0 0 2.96014 0.709483 -0.0285946 1.25734 -1.3805 0.388438 0.543794 -0.543533 -0.563544 0.394687 -1.86726 -1.69382 -0.808593 -0.891846 1.41876 1.36334 1.13259 1.34274 -0.00316655 0.00733023 0.00933301 1.72182 2.57584 2.52221 -1.3671 0.222299 -5.96625 -7.65194 4.38585 0.354624 0.54214 -0.54621 -0.55897 0.337489 -1.90742 -1.89893 -0.656277 -0.880117 1.50507 1.87824 0.784624 1.32078 0.543119 -0.545232 -0.561783 0.326809 -1.95682 -1.88098 -0.692669 -0.885972 1.60073 1.84955 0.838368 1.31966 0.543671 -0.544265 -0.563349 0.33437 -1.95573 -1.81558 -0.739539 -0.893128 1.60787 1.70544 0.939313 1.32698 0.0212825 0.0253615 -0.0620426 -0.151517 -0.832178 0.921354 -0.970033 -0.162135 1.80783 -1.62664 1.73009 0.0197065 0.00948217 0.0225942 -0.0255384 0.482112 0.637871 2.02994 -1.34698 -0.172204 -1.20551 -5.00686 3.1711 0.308632 7.1 -7.16337 -8.61218 5.03234 1.09662 1.71151 0.55049 -1.34491 1.15541 -5.38224 1.20176 -1.49707 6.89061 -7.6691 -8.7383 8.17539 2.35029 0.38956 0.870719 0.555728 -4.32015 -10.7556 3.76009 0.322153 0 0 0 2.95798 0.716828 -0.0144812 4.29943 -1.3752 0.29 0.543461 -0.54356 -0.562618 0.518485 -1.70673 -1.57578 -0.851562 -0.857165 1.04185 0.978013 1.33613 1.34949 -0.00922471 -0.00344225 0.0216688 2.962 3.40063 2.15997 -0.41064 1.08449 -7.94556 -7.44046 3.61233 -0.145631 0.543119 -0.545232 -0.561783 0.326809 -1.95682 -1.88098 -0.692669 -0.885972 1.60073 1.84955 0.838368 1.31966 0.543671 -0.544265 -0.563349 0.33437 -1.95573 -1.81558 -0.739539 -0.893128 1.60787 1.70544 0.939313 1.32698 0.543794 -0.543533 -0.563544 0.394687 -1.86726 -1.69382 -0.808593 -0.891846 1.41876 1.36334 1.13259 1.34274 0.00948217 0.0225942 -0.0255384 0.482112 0.637871 2.02994 -1.34698 -0.172204 -1.20551 -5.00686 3.1711 0.308632 -0.00316655 0.00733023 0.00933301 1.72182 2.57584 2.52221 -1.3671 0.222299 -5.96625 -7.65194 4.38585 0.354624 6.89061 -7.6691 -8.7383 8.17539 2.35029 0.38956 0.870719 0.555728 -4.32015 -10.7556 3.76009 0.322153 5.39747 -7.81301 -9.24906 12 1.83237 -2.40357 2.19022 3.03122 -12 -12 6.46255 1.29217 0 0 0 2.95555 0.719379 0.000281793 3.32789 0.0586491 0.567474 0.540023 -0.543883 -0.562004 0.627372 -1.57618 -1.4972 -0.84651 -0.799784 0.74206 0.702076 1.46251 1.34004 -0.201738 -0.00993214 0.00815051 2.29238 3.10407 1.89243 0.480773 1.65202 -7.03645 -6.56474 2.75197 -0.358083 0.543671 -0.544265 -0.563349 0.33437 -1.95573 -1.81558 -0.739539 -0.893128 1.60787 1.70544 0.939313 1.32698 0.543794 -0.543533 -0.563544 0.394687 -1.86726 -1.69382 -0.808593 -0.891846 1.41876 1.36334 1.13259 1.34274 0.543461 -0.54356 -0.562618 0.518485 -1.70673 -1.57578 -0.851562 -0.857165 1.04185 0.978013 1.33613 1.34949 -0.00316655 0.00733023 0.00933301 1.72182 2.57584 2.52221 -1.3671 0.222299 -5.96625 -7.65194 4.38585 0.354624 -0.00922471 -0.00344225 0.0216688 2.962 3.40063 2.15997 -0.41064 1.08449 -7.94556 -7.44046 3.61233 -0.145631 5.39747 -7.81301 -9.24906 12 1.83237 -2.40357 2.19022 3.03122 -12 -12 6.46255 1.29217 3.16476 -6.30612 -9.32958 12 0.166356 -3.33359 2.99804 4.53784 -12 -12 5.00132 0.603485 0 0 0 2.952 0.715414 0.0071003 1.74576 1.54341 0.702033 0.525003 -0.544219 -0.561992 0.696102 -1.46273 -1.42923 -0.808245 -0.722282 0.490021 0.466855 1.54609 1.31685 -0.494991 -0.00500372 -0.00402348 1.41122 2.70724 1.52178 1.25334 2.1154 -5.91591 -5.27822 1.50975 -0.827038 0.543794 -0.543533 -0.563544 0.394687 -1.86726 -1.69382 -0.808593 -0.891846 1.41876 1.36334 1.13259 1.34274 0.543461 -0.54356 -0.562618 0.518485 -1.70673 -1.57578 -0.851562 -0.857165 1.04185 0.978013 1.33613 1.34949 0.540023 -0.543883 -0.562004 0.627372 -1.57618 -1.4972 -0.84651 -0.799784 0.74206 0.702076 1.46251 1.34004 -0.00922471 -0.00344225 0.0216688 2.962 3.40063 2.15997 -0.41064 1.08449 -7.94556 -7.44046 3.61233 -0.145631 -0.201738 -0.00993214 0.00815051 2.29238 3.10407 1.89243 0.480773 1.65202 -7.03645 -6.56474 2.75197 -0.358083 3.16476 -6.30612 -9.32958 12 0.166356 -3.33359 2.99804 4.53784 -12 -12 5.00132 0.603485 1.04929 -4.88172 -9.56531 12 -0.988282 -2.8508 3.01952 5.18944 -12 -12 3.23869 -0.606383 0 0 0 2.948 0.706455 0.00848614 0.613406 2.62125 0.756782 0.50156 -0.544095 -0.562281 0.736216 -1.37327 -1.38359 -0.745112 -0.630611 0.308604 0.304328 1.57648 1.27376 -0.645088 0.00988352 -0.00838796 0.783773 2.00516 0.944943 1.75907 2.38237 -3.81708 -3.43079 0.228621 -1.25079 0.543461 -0.54356 -0.562618 0.518485 -1.70673 -1.57578 -0.851562 -0.857165 1.04185 0.978013 1.33613 1.34949 0.540023 -0.543883 -0.562004 0.627372 -1.57618 -1.4972 -0.84651 -0.799784 0.74206 0.702076 1.46251 1.34004 0.525003 -0.544219 -0.561992 0.696102 -1.46273 -1.42923 -0.808245 -0.722282 0.490021 0.466855 1.54609 1.31685 -0.201738 -0.00993214 0.00815051 2.29238 3.10407 1.89243 0.480773 1.65202 -7.03645 -6.56474 2.75197 -0.358083 -0.494991 -0.00500372 -0.00402348 1.41122 2.70724 1.52178 1.25334 2.1154 -5.91591 -5.27822 1.50975 -0.827038 1.04929 -4.88172 -9.56531 12 -0.988282 -2.8508 3.01952 5.18944 -12 -12 3.23869 -0.606383 0.439134 -3.10427 -8.78997 10.7224 -0.668346 -2.26852 2.67545 4.87893 -12 -12 0.837239 -1.98675 0 0 0 2.94384 0.694387 0.00624032 -0.0364797 3.25379 0.805996 0.472897 -0.542026 -0.562558 0.756051 -1.30449 -1.35553 -0.669286 -0.533761 0.192212 0.198933 1.56297 1.22048 -0.729501 0.152964 -0.00442313 0.341424 1.58271 0.592225 1.98798 2.40858 -2.44064 -2.22212 -0.785488 -1.34463 0.540023 -0.543883 -0.562004 0.627372 -1.57618 -1.4972 -0.84651 -0.799784 0.74206 0.702076 1.46251 1.34004 0.525003 -0.544219 -0.561992 0.696102 -1.46273 -1.42923 -0.808245 -0.722282 0.490021 0.466855 1.54609 1.31685 0.50156 -0.544095 -0.562281 0.736216 -1.37327 -1.38359 -0.745112 -0.630611 0.308604 0.304328 1.57648 1.27376 -0.494991 -0.00500372 -0.00402348 1.41122 2.70724 1.52178 1.25334 2.1154 -5.91591 -5.27822 1.50975 -0.827038 -0.645088 0.00988352 -0.00838796 0.783773 2.00516 0.944943 1.75907 2.38237 -3.81708 -3.43079 0.228621 -1.25079 0.439134 -3.10427 -8.78997 10.7224 -0.668346 -2.26852 2.67545 4.87893 -12 -12 0.837239 -1.98675 0.452322 -1.48583 -7.74659 8.5561 -0.106704 -2.10077 2.40295 4.6282 -12 -12 -0.98309 -2.77921 0 0 0 2.93916 0.680295 0.00320953 0.0525144 3.63639 0.943369 0.445712 -0.524562 -0.562413 0.761462 -1.24714 -1.33682 -0.58642 -0.441967 0.117979 0.130971 1.5018 1.16891 -0.624585 0.607525 0.00936986 0.0242504 1.35908 0.386989 2.09601 2.19225 -1.55351 -1.42243 -1.9562 -1.22964 0.525003 -0.544219 -0.561992 0.696102 -1.46273 -1.42923 -0.808245 -0.722282 0.490021 0.466855 1.54609 1.31685 0.50156 -0.544095 -0.562281 0.736216 -1.37327 -1.38359 -0.745112 -0.630611 0.308604 0.304328 1.57648 1.27376 0.472897 -0.542026 -0.562558 0.756051 -1.30449 -1.35553 -0.669286 -0.533761 0.192212 0.198933 1.56297 1.22048 -0.645088 0.00988352 -0.00838796 0.783773 2.00516 0.944943 1.75907 2.38237 -3.81708 -3.43079 0.228621 -1.25079 -0.729501 0.152964 -0.00442313 0.341424 1.58271 0.592225 1.98798 2.40858 -2.44064 -2.22212 -0.785488 -1.34463 0.452322 -1.48583 -7.74659 8.5561 -0.106704 -2.10077 2.40295 4.6282 -12 -12 -0.98309 -2.77921 1.02055 0.0278673 -6.50711 4.80674 0.686143 -2.17316 1.9884 3.66003 -12 -12 -3.05764 -3.24891 0 0 0 2.93408 0.665785 0.000112057 -0.0941827 3.54232 1.00068 0.425057 -0.494478 -0.561687 0.755592 -1.19727 -1.32866 -0.50688 -0.362732 0.0711682 0.090784 1.40902 1.12497 -0.430092 0.7477 0.0229584 -0.269989 1.1647 0.0364442 1.87896 1.81691 -0.967637 -0.712708 -2.50176 -0.986801 0.50156 -0.544095 -0.562281 0.736216 -1.37327 -1.38359 -0.745112 -0.630611 0.308604 0.304328 1.57648 1.27376 0.472897 -0.542026 -0.562558 0.756051 -1.30449 -1.35553 -0.669286 -0.533761 0.192212 0.198933 1.56297 1.22048 0.445712 -0.524562 -0.562413 0.761462 -1.24714 -1.33682 -0.58642 -0.441967 0.117979 0.130971 1.5018 1.16891 -0.729501 0.152964 -0.00442313 0.341424 1.58271 0.592225 1.98798 2.40858 -2.44064 -2.22212 -0.785488 -1.34463 -0.624585 0.607525 0.00936986 0.0242504 1.35908 0.386989 2.09601 2.19225 -1.55351 -1.42243 -1.9562 -1.22964 1.02055 0.0278673 -6.50711 4.80674 0.686143 -2.17316 1.9884 3.66003 -12 -12 -3.05764 -3.24891 1.55395 0.601666 -5.49001 1.58432 1.07103 -3.12279 1.59073 2.52881 -12 -12 -4.24186 -3.54563 0 0 0 2.92915 0.652494 -0.00463673 -0.699461 3.14111 0.956886 0.413332 -0.469974 -0.560521 0.736144 -1.15633 -1.35107 -0.442074 -0.300404 0.0428711 0.113952 1.30469 1.08986 -0.197871 0.449542 0.0322066 -0.628759 0.916485 -1.12954 1.43766 1.39478 -0.566503 1.88428 -2.65746 -0.831754 0.472897 -0.542026 -0.562558 0.756051 -1.30449 -1.35553 -0.669286 -0.533761 0.192212 0.198933 1.56297 1.22048 0.445712 -0.524562 -0.562413 0.761462 -1.24714 -1.33682 -0.58642 -0.441967 0.117979 0.130971 1.5018 1.16891 0.425057 -0.494478 -0.561687 0.755592 -1.19727 -1.32866 -0.50688 -0.362732 0.0711682 0.090784 1.40902 1.12497 -0.624585 0.607525 0.00936986 0.0242504 1.35908 0.386989 2.09601 2.19225 -1.55351 -1.42243 -1.9562 -1.22964 -0.430092 0.7477 0.0229584 -0.269989 1.1647 0.0364442 1.87896 1.81691 -0.967637 -0.712708 -2.50176 -0.986801 1.55395 0.601666 -5.49001 1.58432 1.07103 -3.12279 1.59073 2.52881 -12 -12 -4.24186 -3.54563 2.16854 -0.177319 -4.51815 -1.16669 0.431349 -4.63879 0.300842 1.14927 -12 -7.97322 -5.18004 -3.76707 0 0 0 2.92506 0.641834 -0.0120171 -1.55616 2.38805 0.758712 0.413785 -0.469744 -0.559052 0.701975 -1.13146 -1.44546 -0.401204 -0.257172 0.0302512 0.302371 1.19855 1.05845 0.115407 -0.165592 0.0390137 -0.985815 0.466021 -2.51385 0.7841 0.907953 -0.190316 4.82801 -2.6285 -0.776199 0.445712 -0.524562 -0.562413 0.761462 -1.24714 -1.33682 -0.58642 -0.441967 0.117979 0.130971 1.5018 1.16891 0.425057 -0.494478 -0.561687 0.755592 -1.19727 -1.32866 -0.50688 -0.362732 0.0711682 0.090784 1.40902 1.12497 0.413332 -0.469974 -0.560521 0.736144 -1.15633 -1.35107 -0.442074 -0.300404 0.0428711 0.113952 1.30469 1.08986 -0.430092 0.7477 0.0229584 -0.269989 1.1647 0.0364442 1.87896 1.81691 -0.967637 -0.712708 -2.50176 -0.986801 -0.197871 0.449542 0.0322066 -0.628759 0.916485 -1.12954 1.43766 1.39478 -0.566503 1.88428 -2.65746 -0.831754 2.16854 -0.177319 -4.51815 -1.16669 0.431349 -4.63879 0.300842 1.14927 -12 -7.97322 -5.18004 -3.76707 2.56629 -1.14019 -3.85303 -2.14711 -0.827042 -6.37335 -0.961647 0.18533 -12 -3.58574 -5.89109 -4.1058 0 0 0 2.92214 0.633988 -0.0218647 -2.29386 1.65416 0.514641 0.424768 -0.486694 -0.557374 0.655138 -1.123 -1.55895 -0.384683 -0.231777 0.0304117 0.512698 1.09621 1.02672 0.390295 -0.631933 0.0433422 -1.26854 0.0205788 -3.24027 0.180802 0.459129 0.155616 6.07883 -2.51487 -0.814229 0.425057 -0.494478 -0.561687 0.755592 -1.19727 -1.32866 -0.50688 -0.362732 0.0711682 0.090784 1.40902 1.12497 0.413332 -0.469974 -0.560521 0.736144 -1.15633 -1.35107 -0.442074 -0.300404 0.0428711 0.113952 1.30469 1.08986 0.413785 -0.469744 -0.559052 0.701975 -1.13146 -1.44546 -0.401204 -0.257172 0.0302512 0.302371 1.19855 1.05845 -0.197871 0.449542 0.0322066 -0.628759 0.916485 -1.12954 1.43766 1.39478 -0.566503 1.88428 -2.65746 -0.831754 0.115407 -0.165592 0.0390137 -0.985815 0.466021 -2.51385 0.7841 0.907953 -0.190316 4.82801 -2.6285 -0.776199 2.56629 -1.14019 -3.85303 -2.14711 -0.827042 -6.37335 -0.961647 0.18533 -12 -3.58574 -5.89109 -4.1058 2.78241 -2.02155 -3.21918 -2.27431 -2.61137 -8.17059 -2.46651 -0.851527 -10.8125 1.01345 -6.42911 -4.37302 0 0 0 2.92059 0.629401 -0.0336387 -2.95969 0.786325 0.223824 0.449248 -0.522421 -0.555607 0.599032 -1.13993 -1.69865 -0.392279 -0.225833 0.0596591 0.766681 0.999329 0.993914 0.78793 -1.09632 0.0437457 -1.46871 -0.789711 -3.74349 -0.423288 -0.059968 1.29415 6.7866 -2.34272 -0.794807 0.413332 -0.469974 -0.560521 0.736144 -1.15633 -1.35107 -0.442074 -0.300404 0.0428711 0.113952 1.30469 1.08986 0.413785 -0.469744 -0.559052 0.701975 -1.13146 -1.44546 -0.401204 -0.257172 0.0302512 0.302371 1.19855 1.05845 0.424768 -0.486694 -0.557374 0.655138 -1.123 -1.55895 -0.384683 -0.231777 0.0304117 0.512698 1.09621 1.02672 0.115407 -0.165592 0.0390137 -0.985815 0.466021 -2.51385 0.7841 0.907953 -0.190316 4.82801 -2.6285 -0.776199 0.390295 -0.631933 0.0433422 -1.26854 0.0205788 -3.24027 0.180802 0.459129 0.155616 6.07883 -2.51487 -0.814229 2.78241 -2.02155 -3.21918 -2.27431 -2.61137 -8.17059 -2.46651 -0.851527 -10.8125 1.01345 -6.42911 -4.37302 3.09253 -2.8116 -3.07772 -2.16946 -4.28716 -9.22839 -3.43827 -2.01064 -7.81973 4.37304 -6.75866 -4.75332
