cmd 0 0 0
base_rpy -3.08951 0.942851 0.159027
projected_gravity -0.809237 -0.0930326 -0.58007
body_omega 1.21906 -0.0967867 1.0833
base_acc 6.98405 3.91566 0.954727
omega_world -0.150723 -0.25962 1.6059
base_quat_wxyz 0.888745 0.0589534 -0.454411 0.0129359
base_rot_mat 0.586686 -0.0765717 -0.806186 -0.0305847 0.992714 -0.116546 0.809237 0.0930326 0.58007
joint_pos_policy 0.585153 -0.573958 -0.569323 0.552267 -2.76 0.456437 -1.56597 -1.36997 3.18943 3.23686 1.88413 2.03095
joint_vel_policy -0.112311 0.0562194 0.0356129 -0.0358688 0.13942 -0.212566 0.347172 -0.246736 -0.0614055 0.0235499 -0.477351 -0.374994
obs_contract cmd:3 base_rpy:3 body_omega:3 joint_pos:12 joint_vel:12 joint_pos_history:36 joint_vel_history:24 action_history:24
parity_build_id 2026-02-16-rpy-from-quat-history-abs-noise0-quat-fallback-rpy-actionhist-zero-delay1-rpy-step0-pi-canonical-neg
base_rpy_mode legacy_xyzw_from_rotmat_step0_pi_canonical_neg
history_frame_push_mode single_first_step
action_history_mode training_parity_zero_seed_delay1
history_seed_file_loaded 0
history_seed_file_used 0
history_seed_file_path none
joint_pos_history 0.602071 -0.58256 -0.574037 0.559978 -2.78028 0.487099 -1.63815 -1.33562 3.19522 3.23343 1.95187 2.04446 0.595548 -0.579185 -0.572402 0.55671 -2.77261 0.475551 -1.60769 -1.34832 3.19361 3.23471 1.93183 2.04737 0.58994 -0.576349 -0.570815 0.554075 -2.76587 0.465376 -1.58299 -1.35978 3.1917 3.23586 1.90754 2.04315
pos_hist 0.602071 -0.58256 -0.574037 0.559978 -2.78028 0.487099 -1.63815 -1.33562 3.19522 3.23343 1.95187 2.04446 0.595548 -0.579185 -0.572402 0.55671 -2.77261 0.475551 -1.60769 -1.34832 3.19361 3.23471 1.93183 2.04737 0.58994 -0.576349 -0.570815 0.554075 -2.76587 0.465376 -1.58299 -1.35978 3.1917 3.23586 1.90754 2.04315
joint_vel_history -0.154081 0.0789537 0.0405579 -0.0756612 0.182734 -0.27533 0.714136 -0.30846 -0.0439328 0.0308287 -0.559315 -0.00215496 -0.13217 0.0663509 0.0390662 -0.0589759 0.160043 -0.242278 0.552019 -0.272635 -0.0505862 0.0272155 -0.632771 -0.180508
vel_hist -0.154081 0.0789537 0.0405579 -0.0756612 0.182734 -0.27533 0.714136 -0.30846 -0.0439328 0.0308287 -0.559315 -0.00215496 -0.13217 0.0663509 0.0390662 -0.0589759 0.160043 -0.242278 0.552019 -0.272635 -0.0505862 0.0272155 -0.632771 -0.180508
action_history 12 -12 -12 4.36308 -12 12 -3.43896 -1.28742 11.3151 12 0.452412 1.75917 12 -12 -12 6.06082 -12 12 -3.7803 -1.92015 11.2165 12 0.24998 1.38528
tgt_hist 12 -12 -12 4.36308 -12 12 -3.43896 -1.28742 11.3151 12 0.452412 1.75917 12 -12 -12 6.06082 -12 12 -3.7803 -1.92015 11.2165 12 0.24998 1.38528
action_raw 12 -12 -12 8.97971 -12 12 -3.43802 -2.88105 11.1099 12 0.334246 0.891968
action_offset 3 -3 -3 2.24493 -3 3 -0.859504 -0.720262 2.77747 3 0.0835616 0.222992
target_joint_pos_policy 2.9846 -2.98401 -3.02213 2.26737 -3.76697 2.23171 -1.62537 -1.48746 4.31508 4.53636 1.63144 1.76978
target_joint_pos 2.9846 -3.76697 4.31508 -2.98401 2.23171 4.53636 -3.02213 -1.62537 1.63144 2.26737 -1.48746 1.76978
joint_limits_lower -0.51777 -2.6433 0.51876 -0.51777 -2.6433 0.51876 -0.51777 -2.6433 0.51876 -0.51777 -2.6433 0.51876
joint_limits_upper 0.51777 0.31086 2.76408 0.51777 0.31086 2.76408 0.51777 0.31086 2.76408 0.51777 0.31086 2.76408
effort_limits 24 24 36 24 24 36 24 24 36 24 24 36
target_joint_pos_clipped 0.51777 -2.6433 2.76408 -0.51777 0.31086 2.76408 -0.51777 -1.62537 1.63144 0.51777 -1.48746 1.76978
pd_tau_raw 48.0675 -20.2371 22.556 -48.2404 35.6543 25.9736 -49.0811 -1.43107 -4.7197 34.3272 -2.17721 -4.96095
pd_tau_clipped 24 -20.2371 22.556 -24 24 25.9736 -24 -1.43107 -4.7197 24 -2.17721 -4.96095
obs_flat 0 0 0 -3.08951 0.942851 0.159027 1.21906 -0.0967867 1.0833 0.585153 -0.573958 -0.569323 0.552267 -2.76 0.456437 -1.56597 -1.36997 3.18943 3.23686 1.88413 2.03095 -0.112311 0.0562194 0.0356129 -0.0358688 0.13942 -0.212566 0.347172 -0.246736 -0.0614055 0.0235499 -0.477351 -0.374994 0.602071 -0.58256 -0.574037 0.559978 -2.78028 0.487099 -1.63815 -1.33562 3.19522 3.23343 1.95187 2.04446 0.595548 -0.579185 -0.572402 0.55671 -2.77261 0.475551 -1.60769 -1.34832 3.19361 3.23471 1.93183 2.04737 0.58994 -0.576349 -0.570815 0.554075 -2.76587 0.465376 -1.58299 -1.35978 3.1917 3.23586 1.90754 2.04315 -0.154081 0.0789537 0.0405579 -0.0756612 0.182734 -0.27533 0.714136 -0.30846 -0.0439328 0.0308287 -0.559315 -0.00215496 -0.13217 0.0663509 0.0390662 -0.0589759 0.160043 -0.242278 0.552019 -0.272635 -0.0505862 0.0272155 -0.632771 -0.180508 12 -12 -12 4.36308 -12 12 -3.43896 -1.28742 11.3151 12 0.452412 1.75917 12 -12 -12 6.06082 -12 12 -3.7803 -1.92015 11.2165 12 0.24998 1.38528 0 0 0 -3.11643 0.0064217 -0.00044972 -7.66308e-06 9.05777e-06 -2.25002e-05 -0.0154456 0.0160288 -0.0222097 0.0225225 -0.767019 -0.768334 -0.765859 -0.767202 1.5376 1.53635 1.54786 1.54677 -4.81955e-05 4.67627e-05 -8.06083e-05 8.2291e-05 -3.73523e-05 -3.90167e-05 -5.99391e-06 -9.74351e-06 -3.02658e-06 -3.71957e-06 -2.61505e-05 -2.8804e-05 -0.0154456 0.0160288 -0.0222097 0.0225225 -0.767019 -0.768334 -0.765859 -0.767202 1.5376 1.53635 1.54786 1.54677 -0.0154456 0.0160288 -0.0222097 0.0225225 -0.767019 -0.768334 -0.765859 -0.767202 1.5376 1.53635 1.54786 1.54677 -0.0154456 0.0160288 -0.0222097 0.0225225 -0.767019 -0.768334 -0.765859 -0.767202 1.5376 1.53635 1.54786 1.54677 -4.81955e-05 4.67627e-05 -8.06083e-05 8.2291e-05 -3.73523e-05 -3.90167e-05 -5.99391e-06 -9.74351e-06 -3.02658e-06 -3.71957e-06 -2.61505e-05 -2.8804e-05 -4.81955e-05 4.67627e-05 -8.06083e-05 8.2291e-05 -3.73523e-05 -3.90167e-05 -5.99391e-06 -9.74351e-06 -3.02658e-06 -3.71957e-06 -2.61505e-05 -2.8804e-05 0 0 0 0 0 0 0 0 0 0 0 0 0 0 0 0 0 0 0 0 0 0 0 0 0 0 0 -3.11631 0.00787104 -0.00178818 -0.873013 -0.948762 -0.0781345 -0.0169234 0.0144708 -0.0264351 0.0251844 -0.76752 -0.768343 -0.770746 -0.768118 1.53592 1.53378 1.5723 1.55349 -0.0960959 -0.101135 -0.285067 0.176968 -0.0319891 -0.000180557 -0.302391 -0.0569164 -0.110741 -0.167963 1.561 0.43867 -0.0154456 0.0160288 -0.0222097 0.0225225 -0.767019 -0.768334 -0.765859 -0.767202 1.5376 1.53635 1.54786 1.54677 -0.0154456 0.0160288 -0.0222097 0.0225225 -0.767019 -0.768334 -0.765859 -0.767202 1.5376 1.53635 1.54786 1.54677 -0.0154456 0.0160288 -0.0222097 0.0225225 -0.767019 -0.768334 -0.765859 -0.767202 1.5376 1.53635 1.54786 1.54677 -4.81955e-05 4.67627e-05 -8.06083e-05 8.2291e-05 -3.73523e-05 -3.90167e-05 -5.99391e-06 -9.74351e-06 -3.02658e-06 -3.71957e-06 -2.61505e-05 -2.8804e-05 -4.81955e-05 4.67627e-05 -8.06083e-05 8.2291e-05 -3.73523e-05 -3.90167e-05 -5.99391e-06 -9.74351e-06 -3.02658e-06 -3.71957e-06 -2.61505e-05 -2.8804e-05 0 0 0 0 0 0 0 0 0 0 0 0 0 0 0 0 0 0 0 0 0 0 0 0 0 0 0 -3.11566 0.0188593 -0.0091409 -1.69345 -3.00734 -0.170191 -0.025081 0.00586306 -0.0639402 0.058218 -0.770595 -0.768835 -0.78602 -0.758151 1.5223 1.51558 1.69881 1.56852 -0.188284 -0.199776 -1.07336 0.996708 -0.0786033 -0.0201277 -0.198386 0.356643 -0.379932 -0.483298 2.8506 0.240378 -0.0154456 0.0160288 -0.0222097 0.0225225 -0.767019 -0.768334 -0.765859 -0.767202 1.5376 1.53635 1.54786 1.54677 -0.0154456 0.0160288 -0.0222097 0.0225225 -0.767019 -0.768334 -0.765859 -0.767202 1.5376 1.53635 1.54786 1.54677 -0.0169234 0.0144708 -0.0264351 0.0251844 -0.76752 -0.768343 -0.770746 -0.768118 1.53592 1.53378 1.5723 1.55349 -4.81955e-05 4.67627e-05 -8.06083e-05 8.2291e-05 -3.73523e-05 -3.90167e-05 -5.99391e-06 -9.74351e-06 -3.02658e-06 -3.71957e-06 -2.61505e-05 -2.8804e-05 -0.0960959 -0.101135 -0.285067 0.176968 -0.0319891 -0.000180557 -0.302391 -0.0569164 -0.110741 -0.167963 1.561 0.43867 0 0 0 0 0 0 0 0 0 0 0 0 1.62267 -4.30847 -6.11816 10.811 -0.0610975 -2.55409 2.49975 3.14418 -12 -12 6.23657 1.60083 0 0 0 -3.11496 0.0395978 -0.0170778 -1.44916 -4.7508 -0.189216 -0.0341214 -0.00373878 -0.142583 0.134526 -0.775061 -0.770616 -0.776342 -0.72621 1.49464 1.48328 1.82066 1.56471 -0.168757 -0.174686 -1.94301 1.8495 -0.0805983 -0.0313096 0.607203 0.933931 -0.667274 -0.75248 1.40403 -0.663578 -0.0154456 0.0160288 -0.0222097 0.0225225 -0.767019 -0.768334 -0.765859 -0.767202 1.5376 1.53635 1.54786 1.54677 -0.0169234 0.0144708 -0.0264351 0.0251844 -0.76752 -0.768343 -0.770746 -0.768118 1.53592 1.53378 1.5723 1.55349 -0.025081 0.00586306 -0.0639402 0.058218 -0.770595 -0.768835 -0.78602 -0.758151 1.5223 1.51558 1.69881 1.56852 -0.0960959 -0.101135 -0.285067 0.176968 -0.0319891 -0.000180557 -0.302391 -0.0569164 -0.110741 -0.167963 1.561 0.43867 -0.188284 -0.199776 -1.07336 0.996708 -0.0786033 -0.0201277 -0.198386 0.356643 -0.379932 -0.483298 2.8506 0.240378 1.62267 -4.30847 -6.11816 10.811 -0.0610975 -2.55409 2.49975 3.14418 -12 -12 6.23657 1.60083 1.77595 -4.47451 -6.3893 11.0421 -0.242811 -2.68182 2.57278 3.25084 -12 -12 6.25117 1.63008 0 0 0 -3.11484 0.0620335 -0.0239976 -2.33966 -6.14831 -0.0622753 -0.0420428 -0.0116777 -0.237507 0.213369 -0.77825 -0.771279 -0.738537 -0.681594 1.46233 1.44625 1.82717 1.51865 -0.258118 -0.25634 -2.68748 1.8708 -0.0861254 0.0025108 1.11435 1.12368 -0.880249 -1.05842 -0.647614 -1.34602 -0.0169234 0.0144708 -0.0264351 0.0251844 -0.76752 -0.768343 -0.770746 -0.768118 1.53592 1.53378 1.5723 1.55349 -0.025081 0.00586306 -0.0639402 0.058218 -0.770595 -0.768835 -0.78602 -0.758151 1.5223 1.51558 1.69881 1.56852 -0.0341214 -0.00373878 -0.142583 0.134526 -0.775061 -0.770616 -0.776342 -0.72621 1.49464 1.48328 1.82066 1.56471 -0.188284 -0.199776 -1.07336 0.996708 -0.0786033 -0.0201277 -0.198386 0.356643 -0.379932 -0.483298 2.8506 0.240378 -0.168757 -0.174686 -1.94301 1.8495 -0.0805983 -0.0313096 0.607203 0.933931 -0.667274 -0.75248 1.40403 -0.663578 1.77595 -4.47451 -6.3893 11.0421 -0.242811 -2.68182 2.57278 3.25084 -12 -12 6.25117 1.63008 -0.211191 -1.32696 -6.01557 6.61408 -0.485827 -1.38754 2.03388 3.68579 -12 -12 0.969279 -0.986213 0 0 0 -3.11622 0.0909288 -0.038691 -4.27925 -7.87919 0.179004 -0.0571906 -0.0269206 -0.360681 0.269561 -0.783064 -0.770249 -0.692086 -0.650897 1.42227 1.39355 1.76278 1.47572 -0.436837 -0.441004 -3.23741 1.16938 -0.137288 0.0405021 1.14495 0.578445 -1.0839 -1.4698 -2.00053 -0.946947 -0.025081 0.00586306 -0.0639402 0.058218 -0.770595 -0.768835 -0.78602 -0.758151 1.5223 1.51558 1.69881 1.56852 -0.0341214 -0.00373878 -0.142583 0.134526 -0.775061 -0.770616 -0.776342 -0.72621 1.49464 1.48328 1.82066 1.56471 -0.0420428 -0.0116777 -0.237507 0.213369 -0.77825 -0.771279 -0.738537 -0.681594 1.46233 1.44625 1.82717 1.51865 -0.168757 -0.174686 -1.94301 1.8495 -0.0805983 -0.0313096 0.607203 0.933931 -0.667274 -0.75248 1.40403 -0.663578 -0.258118 -0.25634 -2.68748 1.8708 -0.0861254 0.0025108 1.11435 1.12368 -0.880249 -1.05842 -0.647614 -1.34602 -0.211191 -1.32696 -6.01557 6.61408 -0.485827 -1.38754 2.03388 3.68579 -12 -12 0.969279 -0.986213 0.674945 -1.33974 -7.15824 2.1965 0.420894 -0.913775 1.20309 1.59844 -12 -12 -1.46697 -2.00903 0 0 0 -3.11834 0.126386 -0.0570858 -4.23275 -9.42313 -0.0369821 -0.0755514 -0.0526615 -0.49107 0.306887 -0.789558 -0.783325 -0.653952 -0.641291 1.37293 1.36647 1.67582 1.45115 -0.428328 -0.896499 -3.17057 0.866335 -0.184146 -0.921348 0.732123 -0.0310913 -1.31677 0.764052 -2.11052 -0.242882 -0.0341214 -0.00373878 -0.142583 0.134526 -0.775061 -0.770616 -0.776342 -0.72621 1.49464 1.48328 1.82066 1.56471 -0.0420428 -0.0116777 -0.237507 0.213369 -0.77825 -0.771279 -0.738537 -0.681594 1.46233 1.44625 1.82717 1.51865 -0.0571906 -0.0269206 -0.360681 0.269561 -0.783064 -0.770249 -0.692086 -0.650897 1.42227 1.39355 1.76278 1.47572 -0.258118 -0.25634 -2.68748 1.8708 -0.0861254 0.0025108 1.11435 1.12368 -0.880249 -1.05842 -0.647614 -1.34602 -0.436837 -0.441004 -3.23741 1.16938 -0.137288 0.0405021 1.14495 0.578445 -1.0839 -1.4698 -2.00053 -0.946947 0.674945 -1.33974 -7.15824 2.1965 0.420894 -0.913775 1.20309 1.59844 -12 -12 -1.46697 -2.00903 2.56592 -2.03128 -6.9249 -0.905302 -0.677701 -2.24747 0.454371 -0.347305 -12 -8.62221 -2.31428 -1.76413 0 0 0 -3.11944 0.16687 -0.0696718 -1.86209 -10.3505 -0.644367 -0.0838972 -0.103055 -0.604086 0.343625 -0.806691 -0.85033 -0.641046 -0.655462 1.32934 1.4711 1.60267 1.45401 0.0877088 -1.46575 -2.43069 1.06478 -0.800987 -2.14146 0.0407149 -0.50741 -0.575878 3.98535 -1.55049 0.180335 -0.0420428 -0.0116777 -0.237507 0.213369 -0.77825 -0.771279 -0.738537 -0.681594 1.46233 1.44625 1.82717 1.51865 -0.0571906 -0.0269206 -0.360681 0.269561 -0.783064 -0.770249 -0.692086 -0.650897 1.42227 1.39355 1.76278 1.47572 -0.0755514 -0.0526615 -0.49107 0.306887 -0.789558 -0.783325 -0.653952 -0.641291 1.37293 1.36647 1.67582 1.45115 -0.436837 -0.441004 -3.23741 1.16938 -0.137288 0.0405021 1.14495 0.578445 -1.0839 -1.4698 -2.00053 -0.946947 -0.428328 -0.896499 -3.17057 0.866335 -0.184146 -0.921348 0.732123 -0.0310913 -1.31677 0.764052 -2.11052 -0.242882 2.56592 -2.03128 -6.9249 -0.905302 -0.677701 -2.24747 0.454371 -0.347305 -12 -8.62221 -2.31428 -1.76413 4.98126 -5.26394 -6.03447 -0.133377 -4.22978 -4.22308 -2.29502 -2.135 -8.94171 2.9615 -2.21964 -0.639459 0 0 0 -3.1183 0.209961 -0.0690186 1.14815 -10.9084 -1.25834 -0.0538484 -0.176757 -0.676672 0.397451 -0.8686 -0.948364 -0.65627 -0.68307 1.34636 1.67956 1.55855 1.46248 1.24264 -2.14324 -1.48701 1.53581 -2.13337 -2.56497 -0.618845 -0.774825 1.47037 5.98849 -0.787397 0.196372 -0.0571906 -0.0269206 -0.360681 0.269561 -0.783064 -0.770249 -0.692086 -0.650897 1.42227 1.39355 1.76278 1.47572 -0.0755514 -0.0526615 -0.49107 0.306887 -0.789558 -0.783325 -0.653952 -0.641291 1.37293 1.36647 1.67582 1.45115 -0.0838972 -0.103055 -0.604086 0.343625 -0.806691 -0.85033 -0.641046 -0.655462 1.32934 1.4711 1.60267 1.45401 -0.428328 -0.896499 -3.17057 0.866335 -0.184146 -0.921348 0.732123 -0.0310913 -1.31677 0.764052 -2.11052 -0.242882 0.0877088 -1.46575 -2.43069 1.06478 -0.800987 -2.14146 0.0407149 -0.50741 -0.575878 3.98535 -1.55049 0.180335 4.98126 -5.26394 -6.03447 -0.133377 -4.22978 -4.22308 -2.29502 -2.135 -8.94171 2.9615 -2.21964 -0.639459 5.99954 -7.40263 -6.00244 2.25535 -7.38951 -3.50812 -3.24422 -2.86279 -2.89084 7.90821 -1.97269 -0.618193 0 0 0 -3.11502 0.255559 -0.0581596 3.25211 -11.5656 -1.65346 0.0289036 -0.286725 -0.719063 0.470274 -0.988255 -1.04109 -0.692724 -0.718818 1.45352 1.93704 1.54108 1.46979 2.61008 -3.14382 -0.835174 1.98996 -3.53873 -2.01357 -1.05036 -0.957618 3.48863 6.55661 -0.242523 0.20398 -0.0755514 -0.0526615 -0.49107 0.306887 -0.789558 -0.783325 -0.653952 -0.641291 1.37293 1.36647 1.67582 1.45115 -0.0838972 -0.103055 -0.604086 0.343625 -0.806691 -0.85033 -0.641046 -0.655462 1.32934 1.4711 1.60267 1.45401 -0.0538484 -0.176757 -0.676672 0.397451 -0.8686 -0.948364 -0.65627 -0.68307 1.34636 1.67956 1.55855 1.46248 0.0877088 -1.46575 -2.43069 1.06478 -0.800987 -2.14146 0.0407149 -0.50741 -0.575878 3.98535 -1.55049 0.180335 1.24264 -2.14324 -1.48701 1.53581 -2.13337 -2.56497 -0.618845 -0.774825 1.47037 5.98849 -0.787397 0.196372 5.99954 -7.40263 -6.00244 2.25535 -7.38951 -3.50812 -3.24422 -2.86279 -2.89084 7.90821 -1.97269 -0.618193 7.43742 -9.5882 -6.48541 4.62232 -10.1841 -1.60865 -2.92567 -3.02946 1.99011 11.246 -1.01276 -0.518831 0 0 0 -3.1103 0.303944 -0.0403921 4.18258 -12.155 -1.70309 0.1727 -0.44291 -0.740917 0.556949 -1.15912 -1.09161 -0.740608 -0.760749 1.61753 2.19501 1.53866 1.48036 4.19005 -4.38039 -0.397684 2.07387 -4.68742 -0.697517 -1.26048 -1.11593 4.44169 6.28734 0.0550099 0.384323 -0.0838972 -0.103055 -0.604086 0.343625 -0.806691 -0.85033 -0.641046 -0.655462 1.32934 1.4711 1.60267 1.45401 -0.0538484 -0.176757 -0.676672 0.397451 -0.8686 -0.948364 -0.65627 -0.68307 1.34636 1.67956 1.55855 1.46248 0.0289036 -0.286725 -0.719063 0.470274 -0.988255 -1.04109 -0.692724 -0.718818 1.45352 1.93704 1.54108 1.46979 1.24264 -2.14324 -1.48701 1.53581 -2.13337 -2.56497 -0.618845 -0.774825 1.47037 5.98849 -0.787397 0.196372 2.61008 -3.14382 -0.835174 1.98996 -3.53873 -2.01357 -1.05036 -0.957618 3.48863 6.55661 -0.242523 0.20398 7.43742 -9.5882 -6.48541 4.62232 -10.1841 -1.60865 -2.92567 -3.02946 1.99011 11.246 -1.01276 -0.518831 9.78849 -12 -8.12747 5.89924 -11.8712 1.51794 -2.24457 -2.94873 4.73027 12 -0.387606 -0.098318 0 0 0 -3.10618 0.351648 -0.0227175 4.61293 -11.5572 -0.968574 0.38044 -0.623308 -0.749072 0.620346 -1.3653 -1.06581 -0.79043 -0.81075 1.7964 2.42078 1.54406 1.50557 5.86652 -3.97332 -0.096819 1.32737 -5.38976 1.62098 -1.17857 -1.33623 4.4517 5.07141 0.15625 0.775637 -0.0538484 -0.176757 -0.676672 0.397451 -0.8686 -0.948364 -0.65627 -0.68307 1.34636 1.67956 1.55855 1.46248 0.0289036 -0.286725 -0.719063 0.470274 -0.988255 -1.04109 -0.692724 -0.718818 1.45352 1.93704 1.54108 1.46979 0.1727 -0.44291 -0.740917 0.556949 -1.15912 -1.09161 -0.740608 -0.760749 1.61753 2.19501 1.53866 1.48036 2.61008 -3.14382 -0.835174 1.98996 -3.53873 -2.01357 -1.05036 -0.957618 3.48863 6.55661 -0.242523 0.20398 4.19005 -4.38039 -0.397684 2.07387 -4.68742 -0.697517 -1.26048 -1.11593 4.44169 6.28734 0.0550099 0.384323 9.78849 -12 -8.12747 5.89924 -11.8712 1.51794 -2.24457 -2.94873 4.73027 12 -0.387606 -0.098318 11.7314 -12 -10.1896 6.65983 -12 4.08212 -2.05435 -2.83794 6.32273 12 -0.0246413 0.206383 0 0 0 -3.10588 0.395055 -0.00208613 4.7448 -10.2167 0.140999 0.64219 -0.742887 -0.747557 0.659644 -1.586 -0.944913 -0.833059 -0.866422 1.956 2.60268 1.55428 1.53635 6.25555 -2.46619 0.103831 0.793853 -5.33212 3.81006 -1.04015 -1.33503 3.47232 4.29733 0.409605 0.637888 0.0289036 -0.286725 -0.719063 0.470274 -0.988255 -1.04109 -0.692724 -0.718818 1.45352 1.93704 1.54108 1.46979 0.1727 -0.44291 -0.740917 0.556949 -1.15912 -1.09161 -0.740608 -0.760749 1.61753 2.19501 1.53866 1.48036 0.38044 -0.623308 -0.749072 0.620346 -1.3653 -1.06581 -0.79043 -0.81075 1.7964 2.42078 1.54406 1.50557 4.19005 -4.38039 -0.397684 2.07387 -4.68742 -0.697517 -1.26048 -1.11593 4.44169 6.28734 0.0550099 0.384323 5.86652 -3.97332 -0.096819 1.32737 -5.38976 1.62098 -1.17857 -1.33623 4.4517 5.07141 0.15625 0.775637 11.7314 -12 -10.1896 6.65983 -12 4.08212 -2.05435 -2.83794 6.32273 12 -0.0246413 0.206383 12 -12 -12 7.59181 -12 6.02895 -2.01335 -2.47064 7.28624 12 0.518734 0.42227 0 0 0 -3.10734 0.431163 0.0104596 2.52771 -8.39774 0.474582 0.831019 -0.814037 -0.740334 0.681269 -1.7799 -0.752617 -0.874977 -0.913318 2.07459 2.76433 1.57945 1.55344 3.90006 -1.41289 0.220352 0.407664 -4.65436 5.34223 -1.05732 -1.08227 2.89927 3.93325 0.74495 0.343315 0.1727 -0.44291 -0.740917 0.556949 -1.15912 -1.09161 -0.740608 -0.760749 1.61753 2.19501 1.53866 1.48036 0.38044 -0.623308 -0.749072 0.620346 -1.3653 -1.06581 -0.79043 -0.81075 1.7964 2.42078 1.54406 1.50557 0.64219 -0.742887 -0.747557 0.659644 -1.586 -0.944913 -0.833059 -0.866422 1.956 2.60268 1.55428 1.53635 5.86652 -3.97332 -0.096819 1.32737 -5.38976 1.62098 -1.17857 -1.33623 4.4517 5.07141 0.15625 0.775637 6.25555 -2.46619 0.103831 0.793853 -5.33212 3.81006 -1.04015 -1.33503 3.47232 4.29733 0.409605 0.637888 12 -12 -12 7.59181 -12 6.02895 -2.01335 -2.47064 7.28624 12 0.518734 0.42227 12 -12 -12 8.5517 -12 6.80183 -2.05183 -1.84184 7.78063 12 0.92823 0.459482 0 0 0 -3.10924 0.461779 0.0159735 1.08596 -7.2504 0.545626 0.943611 -0.851311 -0.72961 0.69076 -1.95973 -0.51616 -0.917537 -0.952441 2.19574 2.89985 1.61281 1.56572 2.23778 -0.676993 0.292037 0.14797 -4.43558 6.21283 -1.06406 -0.932734 3.1715 2.92245 0.881326 0.320802 0.38044 -0.623308 -0.749072 0.620346 -1.3653 -1.06581 -0.79043 -0.81075 1.7964 2.42078 1.54406 1.50557 0.64219 -0.742887 -0.747557 0.659644 -1.586 -0.944913 -0.833059 -0.866422 1.956 2.60268 1.55428 1.53635 0.831019 -0.814037 -0.740334 0.681269 -1.7799 -0.752617 -0.874977 -0.913318 2.07459 2.76433 1.57945 1.55344 6.25555 -2.46619 0.103831 0.793853 -5.33212 3.81006 -1.04015 -1.33503 3.47232 4.29733 0.409605 0.637888 3.90006 -1.41289 0.220352 0.407664 -4.65436 5.34223 -1.05732 -1.08227 2.89927 3.93325 0.74495 0.343315 12 -12 -12 8.5517 -12 6.80183 -2.05183 -1.84184 7.78063 12 0.92823 0.459482 12 -12 -12 8.93255 -12 8.26425 -2.15325 -1.45693 8.36526 12 1.23016 0.556493 0 0 0 -3.11156 0.488575 0.0172538 0.377686 -6.38496 0.689703 1.003 -0.865308 -0.716829 0.692146 -2.1354 -0.250791 -0.959107 -0.990143 2.33612 2.99313 1.65115 1.5848 1.08698 -0.179234 0.332565 -0.0236636 -4.36403 6.7881 -1.0144 -0.943308 3.64444 2.0229 0.970431 0.5368 0.64219 -0.742887 -0.747557 0.659644 -1.586 -0.944913 -0.833059 -0.866422 1.956 2.60268 1.55428 1.53635 0.831019 -0.814037 -0.740334 0.681269 -1.7799 -0.752617 -0.874977 -0.913318 2.07459 2.76433 1.57945 1.55344 0.943611 -0.851311 -0.72961 0.69076 -1.95973 -0.51616 -0.917537 -0.952441 2.19574 2.89985 1.61281 1.56572 3.90006 -1.41289 0.220352 0.407664 -4.65436 5.34223 -1.05732 -1.08227 2.89927 3.93325 0.74495 0.343315 2.23778 -0.676993 0.292037 0.14797 -4.43558 6.21283 -1.06406 -0.932734 3.1715 2.92245 0.881326 0.320802 12 -12 -12 8.93255 -12 8.26425 -2.15325 -1.45693 8.36526 12 1.23016 0.556493 12 -12 -12 9.15484 -12 9.99432 -2.05084 -1.7265 9.03042 12 1.4911 0.715586 0 0 0 -3.11485 0.512534 0.0165784 0.176112 -5.76089 0.909571 1.02594 -0.86389 -0.703044 0.688341 -2.30803 0.0225428 -0.998012 -1.02804 2.48634 3.05829 1.68879 1.6092 0.304055 0.146486 0.349399 -0.131671 -4.28744 6.83378 -0.960846 -0.958458 3.8283 1.42287 0.919946 0.681737 0.831019 -0.814037 -0.740334 0.681269 -1.7799 -0.752617 -0.874977 -0.913318 2.07459 2.76433 1.57945 1.55344 0.943611 -0.851311 -0.72961 0.69076 -1.95973 -0.51616 -0.917537 -0.952441 2.19574 2.89985 1.61281 1.56572 1.003 -0.865308 -0.716829 0.692146 -2.1354 -0.250791 -0.959107 -0.990143 2.33612 2.99313 1.65115 1.5848 2.23778 -0.676993 0.292037 0.14797 -4.43558 6.21283 -1.06406 -0.932734 3.1715 2.92245 0.881326 0.320802 1.08698 -0.179234 0.332565 -0.0236636 -4.36403 6.7881 -1.0144 -0.943308 3.64444 2.0229 0.970431 0.5368 12 -12 -12 9.15484 -12 9.99432 -2.05084 -1.7265 9.03042 12 1.4911 0.715586 12 -12 -12 9.2791 -12 11.4693 -2.01343 -2.17166 9.74184 12 1.78555 1.02943 0 0 0 -3.11932 0.534534 0.0150181 0.179741 -5.34849 1.12856 1.02445 -0.852563 -0.68903 0.681336 -2.47708 0.290705 -1.03659 -1.0666 2.64196 3.10461 1.72336 1.64083 -0.214218 0.352835 0.349222 -0.197109 -4.18369 6.59201 -0.987771 -0.965584 3.9393 1.0186 0.826627 0.898738 0.943611 -0.851311 -0.72961 0.69076 -1.95973 -0.51616 -0.917537 -0.952441 2.19574 2.89985 1.61281 1.56572 1.003 -0.865308 -0.716829 0.692146 -2.1354 -0.250791 -0.959107 -0.990143 2.33612 2.99313 1.65115 1.5848 1.02594 -0.86389 -0.703044 0.688341 -2.30803 0.0225428 -0.998012 -1.02804 2.48634 3.05829 1.68879 1.6092 1.08698 -0.179234 0.332565 -0.0236636 -4.36403 6.7881 -1.0144 -0.943308 3.64444 2.0229 0.970431 0.5368 0.304055 0.146486 0.349399 -0.131671 -4.28744 6.83378 -0.960846 -0.958458 3.8283 1.42287 0.919946 0.681737 12 -12 -12 9.2791 -12 11.4693 -2.01343 -2.17166 9.74184 12 1.78555 1.02943 12 -12 -12 9.02083 -12 12 -2.56567 -2.20431 10.1848 12 1.71085 1.42649 0 0 0 -3.12557 0.561978 0.0123087 0.0103009 -5.68982 1.08371 1.00112 -0.830097 -0.67209 0.670161 -2.67943 0.554183 -1.09185 -1.11393 2.8347 3.14435 1.76181 1.69093 -0.603313 0.500679 0.329547 -0.235921 -3.94224 4.14409 -1.20781 -0.929268 3.56393 0.66495 0.737325 1.05303 1.003 -0.865308 -0.716829 0.692146 -2.1354 -0.250791 -0.959107 -0.990143 2.33612 2.99313 1.65115 1.5848 1.02594 -0.86389 -0.703044 0.688341 -2.30803 0.0225428 -0.998012 -1.02804 2.48634 3.05829 1.68879 1.6092 1.02445 -0.852563 -0.68903 0.681336 -2.47708 0.290705 -1.03659 -1.0666 2.64196 3.10461 1.72336 1.64083 0.304055 0.146486 0.349399 -0.131671 -4.28744 6.83378 -0.960846 -0.958458 3.8283 1.42287 0.919946 0.681737 -0.214218 0.352835 0.349222 -0.197109 -4.18369 6.59201 -0.987771 -0.965584 3.9393 1.0186 0.826627 0.898738 12 -12 -12 9.02083 -12 12 -2.56567 -2.20431 10.1848 12 1.71085 1.42649 12 -12 -12 8.1511 -12 12 -3.33709 -1.80564 10.6351 12 1.53595 2.12304 0 0 0 -3.12882 0.585869 0.0105227 -0.0468824 -6.1106 0.559218 0.972326 -0.80852 -0.659434 0.660473 -2.80038 0.676589 -1.14549 -1.14843 2.94799 3.16617 1.78824 1.73264 -0.775702 0.556775 0.307725 -0.244498 -2.53194 2.48358 -1.40568 -0.826764 2.44943 0.482261 0.621649 1.02459 1.02594 -0.86389 -0.703044 0.688341 -2.30803 0.0225428 -0.998012 -1.02804 2.48634 3.05829 1.68879 1.6092 1.02445 -0.852563 -0.68903 0.681336 -2.47708 0.290705 -1.03659 -1.0666 2.64196 3.10461 1.72336 1.64083 1.00112 -0.830097 -0.67209 0.670161 -2.67943 0.554183 -1.09185 -1.11393 2.8347 3.14435 1.76181 1.69093 -0.214218 0.352835 0.349222 -0.197109 -4.18369 6.59201 -0.987771 -0.965584 3.9393 1.0186 0.826627 0.898738 -0.603313 0.500679 0.329547 -0.235921 -3.94224 4.14409 -1.20781 -0.929268 3.56393 0.66495 0.737325 1.05303 12 -12 -12 8.1511 -12 12 -3.33709 -1.80564 10.6351 12 1.53595 2.12304 12 -12 -12 8.17536 -12 12 -3.547 -1.7951 10.9742 12 1.55928 2.33112 0 0 0 -3.12991 0.611063 0.00933143 -0.201268 -6.39328 0.137899 0.939051 -0.785732 -0.647762 0.650711 -2.87558 0.74574 -1.20407 -1.17961 3.02621 3.18213 1.81048 1.77184 -0.85639 0.573423 0.282019 -0.242722 -1.53281 1.32951 -1.48922 -0.755259 1.69442 0.354453 0.5086 0.966693 1.02445 -0.852563 -0.68903 0.681336 -2.47708 0.290705 -1.03659 -1.0666 2.64196 3.10461 1.72336 1.64083 1.00112 -0.830097 -0.67209 0.670161 -2.67943 0.554183 -1.09185 -1.11393 2.8347 3.14435 1.76181 1.69093 0.972326 -0.80852 -0.659434 0.660473 -2.80038 0.676589 -1.14549 -1.14843 2.94799 3.16617 1.78824 1.73264 -0.603313 0.500679 0.329547 -0.235921 -3.94224 4.14409 -1.20781 -0.929268 3.56393 0.66495 0.737325 1.05303 -0.775702 0.556775 0.307725 -0.244498 -2.53194 2.48358 -1.40568 -0.826764 2.44943 0.482261 0.621649 1.02459 12 -12 -12 8.17536 -12 12 -3.547 -1.7951 10.9742 12 1.55928 2.33112 12 -12 -12 8.71386 -12 12 -3.33759 -2.25047 11.2595 12 1.73672 2.22966 0 0 0 -3.12929 0.637115 0.00858941 -0.31587 -6.57375 -0.176677 0.904122 -0.762973 -0.637145 0.641212 -2.91865 0.778269 -1.26406 -1.20827 3.08033 3.19393 1.82746 1.80976 -0.877417 0.563675 0.255458 -0.233533 -0.83512 0.542099 -1.49724 -0.690788 1.17145 0.263054 0.376372 0.928728 1.00112 -0.830097 -0.67209 0.670161 -2.67943 0.554183 -1.09185 -1.11393 2.8347 3.14435 1.76181 1.69093 0.972326 -0.80852 -0.659434 0.660473 -2.80038 0.676589 -1.14549 -1.14843 2.94799 3.16617 1.78824 1.73264 0.939051 -0.785732 -0.647762 0.650711 -2.87558 0.74574 -1.20407 -1.17961 3.02621 3.18213 1.81048 1.77184 -0.775702 0.556775 0.307725 -0.244498 -2.53194 2.48358 -1.40568 -0.826764 2.44943 0.482261 0.621649 1.02459 -0.85639 0.573423 0.282019 -0.242722 -1.53281 1.32951 -1.48922 -0.755259 1.69442 0.354453 0.5086 0.966693 12 -12 -12 8.71386 -12 12 -3.33759 -2.25047 11.2595 12 1.73672 2.22966 12 -12 -12 8.58486 -12 12 -3.4501 -2.34478 11.3837 12 1.67741 2.38755 0 0 0 -3.12741 0.663666 0.0083475 -0.352959 -6.67311 -0.391941 0.869366 -0.741046 -0.627584 0.632213 -2.93951 0.786164 -1.32271 -1.23422 3.11766 3.20273 1.8384 1.84534 -0.86004 0.537247 0.229317 -0.219345 -0.356497 0.0181846 -1.44166 -0.624303 0.806598 0.19697 0.207433 0.865506 0.972326 -0.80852 -0.659434 0.660473 -2.80038 0.676589 -1.14549 -1.14843 2.94799 3.16617 1.78824 1.73264 0.939051 -0.785732 -0.647762 0.650711 -2.87558 0.74574 -1.20407 -1.17961 3.02621 3.18213 1.81048 1.77184 0.904122 -0.762973 -0.637145 0.641212 -2.91865 0.778269 -1.26406 -1.20827 3.08033 3.19393 1.82746 1.80976 -0.85639 0.573423 0.282019 -0.242722 -1.53281 1.32951 -1.48922 -0.755259 1.69442 0.354453 0.5086 0.966693 -0.877417 0.563675 0.255458 -0.233533 -0.83512 0.542099 -1.49724 -0.690788 1.17145 0.263054 0.376372 0.928728 12 -12 -12 8.58486 -12 12 -3.4501 -2.34478 11.3837 12 1.67741 2.38755 12 -12 -12 8.41671 -12 12 -3.54459 -2.36701 11.4031 12 1.57452 2.42568 0 0 0 -3.12465 0.690475 0.00870964 -0.326068 -6.72047 -0.521556 0.835938 -0.72044 -0.619034 0.623859 -2.94534 0.777988 -1.37812 -1.25761 3.14325 3.20936 1.84355 1.87769 -0.818773 0.50105 0.204539 -0.202307 -0.0359321 -0.318667 -1.34437 -0.563796 0.551184 0.149024 0.0848815 0.764205 0.939051 -0.785732 -0.647762 0.650711 -2.87558 0.74574 -1.20407 -1.17961 3.02621 3.18213 1.81048 1.77184 0.904122 -0.762973 -0.637145 0.641212 -2.91865 0.778269 -1.26406 -1.20827 3.08033 3.19393 1.82746 1.80976 0.869366 -0.741046 -0.627584 0.632213 -2.93951 0.786164 -1.32271 -1.23422 3.11766 3.20273 1.8384 1.84534 -0.877417 0.563675 0.255458 -0.233533 -0.83512 0.542099 -1.49724 -0.690788 1.17145 0.263054 0.376372 0.928728 -0.86004 0.537247 0.229317 -0.219345 -0.356497 0.0181846 -1.44166 -0.624303 0.806598 0.19697 0.207433 0.865506 12 -12 -12 8.41671 -12 12 -3.54459 -2.36701 11.4031 12 1.57452 2.42568 12 -12 -12 8.29112 -12 12 -3.5483 -2.39087 11.4368 12 1.47777 2.4095 0 0 0 -3.12134 0.71738 0.00973877 -0.245479 -6.73508 -0.595832 0.804537 -0.701417 -0.611434 0.61622 -2.9413 0.759689 -1.42893 -1.27881 3.16063 3.21442 1.84472 1.90575 -0.763515 0.459867 0.181512 -0.184105 0.171653 -0.527463 -1.22597 -0.507095 0.372231 0.114103 -0.00631449 0.671667 0.904122 -0.762973 -0.637145 0.641212 -2.91865 0.778269 -1.26406 -1.20827 3.08033 3.19393 1.82746 1.80976 0.869366 -0.741046 -0.627584 0.632213 -2.93951 0.786164 -1.32271 -1.23422 3.11766 3.20273 1.8384 1.84534 0.835938 -0.72044 -0.619034 0.623859 -2.94534 0.777988 -1.37812 -1.25761 3.14325 3.20936 1.84355 1.87769 -0.86004 0.537247 0.229317 -0.219345 -0.356497 0.0181846 -1.44166 -0.624303 0.806598 0.19697 0.207433 0.865506 -0.818773 0.50105 0.204539 -0.202307 -0.0359321 -0.318667 -1.34437 -0.563796 0.551184 0.149024 0.0848815 0.764205 12 -12 -12 8.29112 -12 12 -3.5483 -2.39087 11.4368 12 1.47777 2.4095 12 -12 -12 8.34311 -12 12 -3.46564 -2.5278 11.4403 12 1.443 2.28793 0 0 0 -3.1176 0.744284 0.0115236 -0.134684 -6.72984 -0.638385 0.775543 -0.684095 -0.604706 0.609315 -2.93103 0.735388 -1.47498 -1.29755 3.17225 3.21832 1.84304 1.93081 -0.701119 0.416925 0.160469 -0.165806 0.299219 -0.646178 -1.10628 -0.446015 0.247274 0.0886547 -0.0568879 0.599965 0.869366 -0.741046 -0.627584 0.632213 -2.93951 0.786164 -1.32271 -1.23422 3.11766 3.20273 1.8384 1.84534 0.835938 -0.72044 -0.619034 0.623859 -2.94534 0.777988 -1.37812 -1.25761 3.14325 3.20936 1.84355 1.87769 0.804537 -0.701417 -0.611434 0.61622 -2.9413 0.759689 -1.42893 -1.27881 3.16063 3.21442 1.84472 1.90575 -0.818773 0.50105 0.204539 -0.202307 -0.0359321 -0.318667 -1.34437 -0.563796 0.551184 0.149024 0.0848815 0.764205 -0.763515 0.459867 0.181512 -0.184105 0.171653 -0.527463 -1.22597 -0.507095 0.372231 0.114103 -0.00631449 0.671667 12 -12 -12 8.34311 -12 12 -3.46564 -2.5278 11.4403 12 1.443 2.28793 12 -12 -12 8.1118 -12 12 -3.57742 -2.40838 11.4383 12 1.32611 2.3569 0 0 0 -3.1125 0.777813 0.014855 0.0300875 -6.70228 -0.654837 0.74292 -0.664844 -0.597403 0.601689 -2.91331 0.700905 -1.52572 -1.31768 3.18131 3.22205 1.83968 1.95832 -0.619937 0.364051 0.136857 -0.14385 0.382047 -0.708297 -0.953376 -0.374237 0.143405 0.0661867 -0.069234 0.518094 0.835938 -0.72044 -0.619034 0.623859 -2.94534 0.777988 -1.37812 -1.25761 3.14325 3.20936 1.84355 1.87769 0.804537 -0.701417 -0.611434 0.61622 -2.9413 0.759689 -1.42893 -1.27881 3.16063 3.21442 1.84472 1.90575 0.775543 -0.684095 -0.604706 0.609315 -2.93103 0.735388 -1.47498 -1.29755 3.17225 3.21832 1.84304 1.93081 -0.763515 0.459867 0.181512 -0.184105 0.171653 -0.527463 -1.22597 -0.507095 0.372231 0.114103 -0.00631449 0.671667 -0.701119 0.416925 0.160469 -0.165806 0.299219 -0.646178 -1.10628 -0.446015 0.247274 0.0886547 -0.0568879 0.599965 12 -12 -12 8.1118 -12 12 -3.57742 -2.40838 11.4383 12 1.32611 2.3569 12 -12 -12 8.09351 -12 12 -3.47507 -2.44914 11.3836 12 1.25915 2.18915 0 0 0 -3.10729 0.803709 0.0209329 0.948343 -6.34347 -0.885899 0.71982 -0.651225 -0.592826 0.596384 -2.89725 0.672436 -1.56556 -1.32977 3.18543 3.22412 1.85456 1.97503 -0.552416 0.326586 0.102024 -0.126369 0.409726 -0.709845 -1.0069 -0.257211 0.0819834 0.0441388 0.553324 0.36032 0.804537 -0.701417 -0.611434 0.61622 -2.9413 0.759689 -1.42893 -1.27881 3.16063 3.21442 1.84472 1.90575 0.775543 -0.684095 -0.604706 0.609315 -2.93103 0.735388 -1.47498 -1.29755 3.17225 3.21832 1.84304 1.93081 0.74292 -0.664844 -0.597403 0.601689 -2.91331 0.700905 -1.52572 -1.31768 3.18131 3.22205 1.83968 1.95832 -0.701119 0.416925 0.160469 -0.165806 0.299219 -0.646178 -1.10628 -0.446015 0.247274 0.0886547 -0.0568879 0.599965 -0.619937 0.364051 0.136857 -0.14385 0.382047 -0.708297 -0.953376 -0.374237 0.143405 0.0661867 -0.069234 0.518094 12 -12 -12 8.09351 -12 12 -3.47507 -2.44914 11.3836 12 1.25915 2.18915 12 -12 -12 7.9965 -12 12 -3.46281 -2.40396 11.3654 12 1.2007 2.12789 0 0 0 -3.10053 0.827942 0.0319926 1.87475 -5.92949 -1.06254 0.699319 -0.639056 -0.589394 0.591699 -2.88071 0.644567 -1.60484 -1.33748 3.18764 3.2255 1.88058 1.98661 -0.489258 0.291017 0.0772482 -0.112037 0.413067 -0.686444 -0.957884 -0.153259 0.0413131 0.0298395 0.664999 0.245668 0.775543 -0.684095 -0.604706 0.609315 -2.93103 0.735388 -1.47498 -1.29755 3.17225 3.21832 1.84304 1.93081 0.74292 -0.664844 -0.597403 0.601689 -2.91331 0.700905 -1.52572 -1.31768 3.18131 3.22205 1.83968 1.95832 0.71982 -0.651225 -0.592826 0.596384 -2.89725 0.672436 -1.56556 -1.32977 3.18543 3.22412 1.85456 1.97503 -0.619937 0.364051 0.136857 -0.14385 0.382047 -0.708297 -0.953376 -0.374237 0.143405 0.0661867 -0.069234 0.518094 -0.552416 0.326586 0.102024 -0.126369 0.409726 -0.709845 -1.0069 -0.257211 0.0819834 0.0441388 0.553324 0.36032 12 -12 -12 7.9965 -12 12 -3.46281 -2.40396 11.3654 12 1.2007 2.12789 12 -12 -12 7.80334 -12 12 -3.45328 -2.28265 11.3664 12 1.14924 2.07307 0 0 0 -3.09235 0.850455 0.0475828 2.63848 -5.53502 -1.1761 0.681203 -0.628263 -0.586708 0.587476 -2.86447 0.618036 -1.64096 -1.34085 3.18872 3.22649 1.90522 1.99432 -0.431917 0.257299 0.0626085 -0.102852 0.400238 -0.647977 -0.869956 -0.0372439 0.0227612 0.0223552 0.584427 0.176566 0.74292 -0.664844 -0.597403 0.601689 -2.91331 0.700905 -1.52572 -1.31768 3.18131 3.22205 1.83968 1.95832 0.71982 -0.651225 -0.592826 0.596384 -2.89725 0.672436 -1.56556 -1.32977 3.18543 3.22412 1.85456 1.97503 0.699319 -0.639056 -0.589394 0.591699 -2.88071 0.644567 -1.60484 -1.33748 3.18764 3.2255 1.88058 1.98661 -0.552416 0.326586 0.102024 -0.126369 0.409726 -0.709845 -1.0069 -0.257211 0.0819834 0.0441388 0.553324 0.36032 -0.489258 0.291017 0.0772482 -0.112037 0.413067 -0.686444 -0.957884 -0.153259 0.0413131 0.0298395 0.664999 0.245668 12 -12 -12 7.80334 -12 12 -3.45328 -2.28265 11.3664 12 1.14924 2.07307 12 -12 -12 7.53935 -12 12 -3.51458 -2.17234 11.3949 12 1.08155 1.99261 0 0 0 -3.0832 0.871449 0.0664551 3.18184 -5.18646 -1.1949 0.665227 -0.618768 -0.584378 0.583509 -2.84901 0.593269 -1.67349 -1.33946 3.18953 3.22731 1.92683 2.00075 -0.380514 0.225861 0.0557736 -0.0981291 0.377163 -0.601008 -0.767219 0.0874245 0.0232143 0.0195764 0.5163 0.152251 0.71982 -0.651225 -0.592826 0.596384 -2.89725 0.672436 -1.56556 -1.32977 3.18543 3.22412 1.85456 1.97503 0.699319 -0.639056 -0.589394 0.591699 -2.88071 0.644567 -1.60484 -1.33748 3.18764 3.2255 1.88058 1.98661 0.681203 -0.628263 -0.586708 0.587476 -2.86447 0.618036 -1.64096 -1.34085 3.18872 3.22649 1.90522 1.99432 -0.489258 0.291017 0.0772482 -0.112037 0.413067 -0.686444 -0.957884 -0.153259 0.0413131 0.0298395 0.664999 0.245668 -0.431917 0.257299 0.0626085 -0.102852 0.400238 -0.647977 -0.869956 -0.0372439 0.0227612 0.0223552 0.584427 0.176566 12 -12 -12 7.53935 -12 12 -3.51458 -2.17234 11.3949 12 1.08155 1.99261 12 -12 -12 6.72713 -12 12 -3.48851 -1.803 11.5876 12 1.05096 2.14498 0 0 0 -3.07333 0.890708 0.0881567 3.72639 -4.75291 -1.1957 0.651187 -0.610446 -0.582314 0.579545 -2.83462 0.570515 -1.69961 -1.33155 3.1909 3.22803 1.94616 2.00663 -0.333861 0.197771 0.0490865 -0.100651 0.349059 -0.5492 -0.574136 0.27112 0.0398921 0.0167354 0.464962 0.149112 0.699319 -0.639056 -0.589394 0.591699 -2.88071 0.644567 -1.60484 -1.33748 3.18764 3.2255 1.88058 1.98661 0.681203 -0.628263 -0.586708 0.587476 -2.86447 0.618036 -1.64096 -1.34085 3.18872 3.22649 1.90522 1.99432 0.665227 -0.618768 -0.584378 0.583509 -2.84901 0.593269 -1.67349 -1.33946 3.18953 3.22731 1.92683 2.00075 -0.431917 0.257299 0.0626085 -0.102852 0.400238 -0.647977 -0.869956 -0.0372439 0.0227612 0.0223552 0.584427 0.176566 -0.380514 0.225861 0.0557736 -0.0981291 0.377163 -0.601008 -0.767219 0.0874245 0.0232143 0.0195764 0.5163 0.152251 12 -12 -12 6.72713 -12 12 -3.48851 -1.803 11.5876 12 1.05096 2.14498 12 -12 -12 5.3032 -12 12 -2.96183 -1.33096 11.9685 12 1.19464 2.22272 0 0 0 -3.06285 0.908071 0.112591 4.25368 -4.31883 -1.18099 0.638897 -0.603171 -0.580495 0.575429 -2.82142 0.549865 -1.71695 -1.31628 3.19273 3.22865 1.96355 2.01266 -0.291877 0.172675 0.0433955 -0.104758 0.31857 -0.496533 -0.344742 0.446124 0.0480459 0.0149862 0.416366 0.147293 0.681203 -0.628263 -0.586708 0.587476 -2.86447 0.618036 -1.64096 -1.34085 3.18872 3.22649 1.90522 1.99432 0.665227 -0.618768 -0.584378 0.583509 -2.84901 0.593269 -1.67349 -1.33946 3.18953 3.22731 1.92683 2.00075 0.651187 -0.610446 -0.582314 0.579545 -2.83462 0.570515 -1.69961 -1.33155 3.1909 3.22803 1.94616 2.00663 -0.380514 0.225861 0.0557736 -0.0981291 0.377163 -0.601008 -0.767219 0.0874245 0.0232143 0.0195764 0.5163 0.152251 -0.333861 0.197771 0.0490865 -0.100651 0.349059 -0.5492 -0.574136 0.27112 0.0398921 0.0167354 0.464962 0.149112 12 -12 -12 5.3032 -12 12 -2.96183 -1.33096 11.9685 12 1.19464 2.22272 12 -12 -12 4.05129 -12 12 -2.61647 -0.951208 12 12 1.31869 2.32523 0 0 0 -3.05565 0.921751 0.134776 3.82601 -2.86836 -0.180242 0.628025 -0.596812 -0.578906 0.571386 -2.80947 0.531359 -1.72043 -1.30616 3.1947 3.22939 1.97644 2.02004 -0.261687 0.151101 0.0385145 -0.0982246 0.287187 -0.442482 0.150008 0.0545836 0.0454754 0.023246 0.185931 0.202385 0.665227 -0.618768 -0.584378 0.583509 -2.84901 0.593269 -1.67349 -1.33946 3.18953 3.22731 1.92683 2.00075 0.651187 -0.610446 -0.582314 0.579545 -2.83462 0.570515 -1.69961 -1.33155 3.1909 3.22803 1.94616 2.00663 0.638897 -0.603171 -0.580495 0.575429 -2.82142 0.549865 -1.71695 -1.31628 3.19273 3.22865 1.96355 2.01266 -0.333861 0.197771 0.0490865 -0.100651 0.349059 -0.5492 -0.574136 0.27112 0.0398921 0.0167354 0.464962 0.149112 -0.291877 0.172675 0.0433955 -0.104758 0.31857 -0.496533 -0.344742 0.446124 0.0480459 0.0149862 0.416366 0.147293 12 -12 -12 4.05129 -12 12 -2.61647 -0.951208 12 12 1.31869 2.32523 12 -12 -12 3.07545 -12 12 -2.41016 -0.846388 11.9688 12 1.3661 2.29901 0 0 0 -3.05625 0.93012 0.147608 3.0608 -1.65237 0.641324 0.61825 -0.591291 -0.577328 0.567511 -2.79867 0.514865 -1.70119 -1.31135 3.19596 3.23061 1.97463 2.02774 -0.233756 0.130298 0.0400824 -0.0966131 0.259587 -0.394939 0.626462 -0.210762 0.0215428 0.0334708 -0.144313 0.199446 0.651187 -0.610446 -0.582314 0.579545 -2.83462 0.570515 -1.69961 -1.33155 3.1909 3.22803 1.94616 2.00663 0.638897 -0.603171 -0.580495 0.575429 -2.82142 0.549865 -1.71695 -1.31628 3.19273 3.22865 1.96355 2.01266 0.628025 -0.596812 -0.578906 0.571386 -2.80947 0.531359 -1.72043 -1.30616 3.1947 3.22939 1.97644 2.02004 -0.291877 0.172675 0.0433955 -0.104758 0.31857 -0.496533 -0.344742 0.446124 0.0480459 0.0149862 0.416366 0.147293 -0.261687 0.151101 0.0385145 -0.0982246 0.287187 -0.442482 0.150008 0.0545836 0.0454754 0.023246 0.185931 0.202385 12 -12 -12 3.07545 -12 12 -2.41016 -0.846388 11.9688 12 1.3661 2.29901 12 -12 -12 1.44173 -12 12 -1.79763 -0.573277 11.63 12 1.76923 2.41202 0 0 0 -3.06097 0.935296 0.15464 2.5091 -0.93132 0.998433 0.609612 -0.586565 -0.575694 0.563666 -2.78896 0.500159 -1.67096 -1.32261 3.19614 3.23203 1.96558 2.03637 -0.205413 0.111047 0.0412391 -0.0952928 0.233049 -0.351714 0.801991 -0.309986 -0.00734103 0.0360451 -0.273473 0.223608 0.638897 -0.603171 -0.580495 0.575429 -2.82142 0.549865 -1.71695 -1.31628 3.19273 3.22865 1.96355 2.01266 0.628025 -0.596812 -0.578906 0.571386 -2.80947 0.531359 -1.72043 -1.30616 3.1947 3.22939 1.97644 2.02004 0.61825 -0.591291 -0.577328 0.567511 -2.79867 0.514865 -1.70119 -1.31135 3.19596 3.23061 1.97463 2.02774 -0.261687 0.151101 0.0385145 -0.0982246 0.287187 -0.442482 0.150008 0.0545836 0.0454754 0.023246 0.185931 0.202385 -0.233756 0.130298 0.0400824 -0.0966131 0.259587 -0.394939 0.626462 -0.210762 0.0215428 0.0334708 -0.144313 0.199446 12 -12 -12 1.44173 -12 12 -1.79763 -0.573277 11.63 12 1.76923 2.41202 12 -12 -12 1.30206 -12 12 -2.1418 -0.358126 11.5015 12 1.61467 2.55728 0 0 0 -3.06759 0.938482 0.158223 2.07419 -0.485961 1.12634 0.602071 -0.58256 -0.574037 0.559978 -2.78028 0.487099 -1.63815 -1.33562 3.19522 3.23343 1.95187 2.04446 -0.178613 0.0938645 0.0413326 -0.0889417 0.20726 -0.311807 0.81398 -0.327556 -0.0313469 0.034249 -0.414778 0.1587 0.628025 -0.596812 -0.578906 0.571386 -2.80947 0.531359 -1.72043 -1.30616 3.1947 3.22939 1.97644 2.02004 0.61825 -0.591291 -0.577328 0.567511 -2.79867 0.514865 -1.70119 -1.31135 3.19596 3.23061 1.97463 2.02774 0.609612 -0.586565 -0.575694 0.563666 -2.78896 0.500159 -1.67096 -1.32261 3.19614 3.23203 1.96558 2.03637 -0.233756 0.130298 0.0400824 -0.0966131 0.259587 -0.394939 0.626462 -0.210762 0.0215428 0.0334708 -0.144313 0.199446 -0.205413 0.111047 0.0412391 -0.0952928 0.233049 -0.351714 0.801991 -0.309986 -0.00734103 0.0360451 -0.273473 0.223608 12 -12 -12 1.30206 -12 12 -2.1418 -0.358126 11.5015 12 1.61467 2.55728 12 -12 -11.8261 1.64961 -12 12 -2.56402 -0.333708 11.2951 12 1.33814 2.54585 0 0 0 -3.07489 0.94045 0.159716 1.71463 -0.237803 1.14129 0.595548 -0.579185 -0.572402 0.55671 -2.77261 0.475551 -1.60769 -1.34832 3.19361 3.23471 1.93183 2.04737 -0.154081 0.0789537 0.0405579 -0.0756612 0.182734 -0.27533 0.714136 -0.30846 -0.0439328 0.0308287 -0.559315 -0.00215496 0.61825 -0.591291 -0.577328 0.567511 -2.79867 0.514865 -1.70119 -1.31135 3.19596 3.23061 1.97463 2.02774 0.609612 -0.586565 -0.575694 0.563666 -2.78896 0.500159 -1.67096 -1.32261 3.19614 3.23203 1.96558 2.03637 0.602071 -0.58256 -0.574037 0.559978 -2.78028 0.487099 -1.63815 -1.33562 3.19522 3.23343 1.95187 2.04446 -0.205413 0.111047 0.0412391 -0.0952928 0.233049 -0.351714 0.801991 -0.309986 -0.00734103 0.0360451 -0.273473 0.223608 -0.178613 0.0938645 0.0413326 -0.0889417 0.20726 -0.311807 0.81398 -0.327556 -0.0313469 0.034249 -0.414778 0.1587 12 -12 -11.8261 1.64961 -12 12 -2.56402 -0.333708 11.2951 12 1.33814 2.54585 12 -12 -12 2.73734 -12 12 -3.0068 -0.755282 11.2696 12 0.794008 2.1396 0 0 0 -3.08227 0.941762 0.159819 1.4046 -0.115816 1.11338 0.58994 -0.576349 -0.570815 0.554075 -2.76587 0.465376 -1.58299 -1.35978 3.1917 3.23586 1.90754 2.04315 -0.13217 0.0663509 0.0390662 -0.0589759 0.160043 -0.242278 0.552019 -0.272635 -0.0505862 0.0272155 -0.632771 -0.180508 0.609612 -0.586565 -0.575694 0.563666 -2.78896 0.500159 -1.67096 -1.32261 3.19614 3.23203 1.96558 2.03637 0.602071 -0.58256 -0.574037 0.559978 -2.78028 0.487099 -1.63815 -1.33562 3.19522 3.23343 1.95187 2.04446 0.595548 -0.579185 -0.572402 0.55671 -2.77261 0.475551 -1.60769 -1.34832 3.19361 3.23471 1.93183 2.04737 -0.178613 0.0938645 0.0413326 -0.0889417 0.20726 -0.311807 0.81398 -0.327556 -0.0313469 0.034249 -0.414778 0.1587 -0.154081 0.0789537 0.0405579 -0.0756612 0.182734 -0.27533 0.714136 -0.30846 -0.0439328 0.0308287 -0.559315 -0.00215496 12 -12 -12 2.73734 -12 12 -3.0068 -0.755282 11.2696 12 0.794008 2.1396 12 -12 -12 4.36308 -12 12 -3.43896 -1.28742 11.3151 12 0.452412 1.75917 0 0 0 -3.08951 0.942851 0.159027 1.21906 -0.0967867 1.0833 0.585153 -0.573958 -0.569323 0.552267 -2.76 0.456437 -1.56597 -1.36997 3.18943 3.23686 1.88413 2.03095 -0.112311 0.0562194 0.0356129 -0.0358688 0.13942 -0.212566 0.347172 -0.246736 -0.0614055 0.0235499 -0.477351 -0.374994 0.602071 -0.58256 -0.574037 0.559978 -2.78028 0.487099 -1.63815 -1.33562 3.19522 3.23343 1.95187 2.04446 0.595548 -0.579185 -0.572402 0.55671 -2.77261 0.475551 -1.60769 -1.34832 3.19361 3.23471 1.93183 2.04737 0.58994 -0.576349 -0.570815 0.554075 -2.76587 0.465376 -1.58299 -1.35978 3.1917 3.23586 1.90754 2.04315 -0.154081 0.0789537 0.0405579 -0.0756612 0.182734 -0.27533 0.714136 -0.30846 -0.0439328 0.0308287 -0.559315 -0.00215496 -0.13217 0.0663509 0.0390662 -0.0589759 0.160043 -0.242278 0.552019 -0.272635 -0.0505862 0.0272155 -0.632771 -0.180508 12 -12 -12 4.36308 -12 12 -3.43896 -1.28742 11.3151 12 0.452412 1.75917 12 -12 -12 6.06082 -12 12 -3.7803 -1.92015 11.2165 12 0.24998 1.38528
