cmd 0 0 0
base_rpy 2.98005 0.763777 0.067888
projected_gravity -0.691654 -0.048993 -0.720565
body_omega 0.197532 1.48149 -0.0922601
base_acc -0.586387 5.49487 -4.16636
omega_world -0.103703 1.48702 0.142727
base_quat_wxyz 0.923384 0.0614412 -0.368703 0.0874342
base_rot_mat 0.712826 -0.206778 -0.670166 0.116163 0.977161 -0.177942 0.691654 0.048993 0.720565
joint_pos_policy 0.560123 -0.560301 -0.558703 0.540889 -2.7127 0.397631 -1.23906 -1.39703 3.20212 3.21863 1.54787 1.77894
joint_vel_policy -0.00320666 -0.00213799 0.00674881 0.00192828 0.411624 -0.0293523 -0.0773466 0.147467 -0.154162 -0.97159 0.134611 -0.440852
obs_contract cmd:3 base_rpy:3 body_omega:3 joint_pos:12 joint_vel:12 joint_pos_history:36 joint_vel_history:24 action_history:24
parity_build_id 2026-02-16-rpy-from-quat-history-abs-noise0-quat-fallback-rpy-actionhist-zero-delay1-rpy-step0-pi-canonical-neg
base_rpy_mode legacy_xyzw_from_rotmat_step0_pi_canonical_neg
history_frame_push_mode single_first_step
action_history_mode training_parity_zero_seed_delay1
history_seed_file_loaded 0
history_seed_file_used 0
history_seed_file_path none
joint_pos_history 0.560193 -0.560274 -0.559228 0.542958 -2.72133 0.398514 -1.25402 -1.41124 3.20541 3.24581 1.60242 1.83445 0.560204 -0.560264 -0.559059 0.541841 -2.72125 0.398497 -1.24622 -1.40706 3.20569 3.24551 1.58121 1.81572 0.560195 -0.560262 -0.558903 0.541089 -2.72026 0.398366 -1.23987 -1.40237 3.20552 3.24074 1.55935 1.79698
pos_hist 0.560193 -0.560274 -0.559228 0.542958 -2.72133 0.398514 -1.25402 -1.41124 3.20541 3.24581 1.60242 1.83445 0.560204 -0.560264 -0.559059 0.541841 -2.72125 0.398497 -1.24622 -1.40706 3.20569 3.24551 1.58121 1.81572 0.560195 -0.560262 -0.558903 0.541089 -2.72026 0.398366 -1.23987 -1.40237 3.20552 3.24074 1.55935 1.79698
joint_vel_history 0.000156034 0.000221568 0.00406826 -0.0254375 0.00695764 -0.000528363 0.189711 0.10925 0.0070934 -0.0283163 -0.533412 -0.47154 -0.000540926 -9.33649e-05 0.00382276 -0.0139296 0.0390132 -0.00737852 0.124874 0.121212 -0.0231501 -0.206051 -0.577982 -0.462989
vel_hist 0.000156034 0.000221568 0.00406826 -0.0254375 0.00695764 -0.000528363 0.189711 0.10925 0.0070934 -0.0283163 -0.533412 -0.47154 -0.000540926 -9.33649e-05 0.00382276 -0.0139296 0.0390132 -0.00737852 0.124874 0.121212 -0.0231501 -0.206051 -0.577982 -0.462989
action_history 12 -12 -12 5.4007 -9.85298 10.5969 -3.31832 -3.87101 12 10.6059 -2.67107 -3.20891 12 -12 -12 6.43167 -7.82176 9.65893 -2.57769 -3.17597 11.0506 7.94733 -1.0482 -1.85966
tgt_hist 12 -12 -12 5.4007 -9.85298 10.5969 -3.31832 -3.87101 12 10.6059 -2.67107 -3.20891 12 -12 -12 6.43167 -7.82176 9.65893 -2.57769 -3.17597 11.0506 7.94733 -1.0482 -1.85966
action_raw 12 -11.5209 -12 9.06477 -0.612584 4.75771 -0.0570738 -0.751467 3.08987 -3.70857 5.30472 2.05568
action_offset 3 -2.88023 -3 2.26619 -0.153146 1.18943 -0.0142685 -0.187867 0.772468 -0.927143 1.32618 0.513921
target_joint_pos_policy 2.9846 -2.86424 -3.02213 2.28863 -0.920116 0.421142 -0.780133 -0.95507 2.31008 0.609217 2.87406 2.06071
target_joint_pos 2.9846 -0.920116 2.31008 -2.86424 0.421142 0.609217 -3.02213 -0.780133 2.87406 2.28863 -0.95507 2.06071
joint_limits_lower -0.51777 -2.6433 0.51876 -0.51777 -2.6433 0.51876 -0.51777 -2.6433 0.51876 -0.51777 -2.6433 0.51876
joint_limits_upper 0.51777 0.31086 2.76408 0.51777 0.31086 2.76408 0.51777 0.31086 2.76408 0.51777 0.31086 2.76408
effort_limits 24 24 36 24 24 36 24 24 36 24 24 36
target_joint_pos_clipped 0.51777 -0.920116 2.31008 -0.51777 0.31086 0.609217 -0.51777 -0.780133 2.76408 0.51777 -0.95507 2.06071
pd_tau_raw 48.4917 35.5636 -17.7328 -46.0773 0.490774 -51.5081 -49.2733 9.23259 26.4296 34.9536 8.73605 5.94409
pd_tau_clipped 24 24 -17.7328 -24 0.490774 -36 -24 9.23259 26.4296 24 8.73605 5.94409
obs_flat 0 0 0 2.98005 0.763777 0.067888 0.197532 1.48149 -0.0922601 0.560123 -0.560301 -0.558703 0.540889 -2.7127 0.397631 -1.23906 -1.39703 3.20212 3.21863 1.54787 1.77894 -0.00320666 -0.00213799 0.00674881 0.00192828 0.411624 -0.0293523 -0.0773466 0.147467 -0.154162 -0.97159 0.134611 -0.440852 0.560193 -0.560274 -0.559228 0.542958 -2.72133 0.398514 -1.25402 -1.41124 3.20541 3.24581 1.60242 1.83445 0.560204 -0.560264 -0.559059 0.541841 -2.72125 0.398497 -1.24622 -1.40706 3.20569 3.24551 1.58121 1.81572 0.560195 -0.560262 -0.558903 0.541089 -2.72026 0.398366 -1.23987 -1.40237 3.20552 3.24074 1.55935 1.79698 0.000156034 0.000221568 0.00406826 -0.0254375 0.00695764 -0.000528363 0.189711 0.10925 0.0070934 -0.0283163 -0.533412 -0.47154 -0.000540926 -9.33649e-05 0.00382276 -0.0139296 0.0390132 -0.00737852 0.124874 0.121212 -0.0231501 -0.206051 -0.577982 -0.462989 12 -12 -12 5.4007 -9.85298 10.5969 -3.31832 -3.87101 12 10.6059 -2.67107 -3.20891 12 -12 -12 6.43167 -7.82176 9.65893 -2.57769 -3.17597 11.0506 7.94733 -1.0482 -1.85966 0 0 0 -3.12041 0.943454 0.151797 0.846126 0.467344 1.03616 0.571755 -0.567127 -0.565462 0.552941 -2.74256 0.429749 -1.53168 -1.40365 3.17575 3.23934 1.85696 1.99674 -0.0557469 0.028717 0.01505 0.0228066 0.0755245 -0.115038 0.196655 -0.132757 -0.110912 0.00812127 -0.0569069 0.0206691 0.581114 -0.571912 -0.568027 0.551353 -2.75488 0.448618 -1.55561 -1.37944 3.18677 3.23769 1.87116 2.01248 0.576926 -0.569773 -0.566807 0.551391 -2.74945 0.440275 -1.54635 -1.39037 3.18317 3.2385 1.86305 1.99912 0.57413 -0.568347 -0.566086 0.552062 -2.74576 0.434621 -1.53928 -1.39776 3.17985 3.23898 1.85946 1.99649 -0.0772379 0.0393635 0.0208516 0.0099842 0.100948 -0.154885 0.1766 -0.205145 -0.0761956 0.0141967 -0.119866 -0.148939 -0.0657058 0.0335751 0.0168214 0.0196406 0.0873272 -0.133583 0.180066 -0.171182 -0.0904235 0.0108642 -0.0757769 -0.028549 12 -12 -12 9.87132 -12 12 -2.90502 -2.72816 10.9212 12 0.526067 0.674747 12 -12 -12 10.3918 -12 12 -2.64961 -2.43019 10.6213 12 0.692412 0.675093 0 0 0 -3.12784 0.941852 0.148981 0.771014 0.609736 1.01018 0.569744 -0.566085 -0.564875 0.55385 -2.73981 0.425555 -1.52353 -1.40809 3.17086 3.23962 1.85484 1.99802 -0.0471485 0.0245398 0.0145896 0.0223747 0.0651551 -0.0990692 0.206242 -0.0985641 -0.128247 0.00627495 -0.0517828 0.0362202 0.576926 -0.569773 -0.566807 0.551391 -2.74945 0.440275 -1.54635 -1.39037 3.18317 3.2385 1.86305 1.99912 0.57413 -0.568347 -0.566086 0.552062 -2.74576 0.434621 -1.53928 -1.39776 3.17985 3.23898 1.85946 1.99649 0.571755 -0.567127 -0.565462 0.552941 -2.74256 0.429749 -1.53168 -1.40365 3.17575 3.23934 1.85696 1.99674 -0.0657058 0.0335751 0.0168214 0.0196406 0.0873272 -0.133583 0.180066 -0.171182 -0.0904235 0.0108642 -0.0757769 -0.028549 -0.0557469 0.028717 0.01505 0.0228066 0.0755245 -0.115038 0.196655 -0.132757 -0.110912 0.00812127 -0.0569069 0.0206691 12 -12 -12 10.3918 -12 12 -2.64961 -2.43019 10.6213 12 0.692412 0.675093 12 -12 -12 10.3652 -12 11.562 -2.67458 -2.35234 10.4089 12 0.592987 0.688919 0 0 0 -3.13705 0.939123 0.145101 0.672498 0.752224 0.983576 0.567663 -0.564994 -0.564151 0.554903 -2.73689 0.421121 -1.51301 -1.41176 3.16418 3.23989 1.8523 1.99981 -0.0381686 0.0201002 0.0143934 0.0200341 0.0540317 -0.0821985 0.211638 -0.0574455 -0.13509 0.00494448 -0.0508056 0.0337089 0.57413 -0.568347 -0.566086 0.552062 -2.74576 0.434621 -1.53928 -1.39776 3.17985 3.23898 1.85946 1.99649 0.571755 -0.567127 -0.565462 0.552941 -2.74256 0.429749 -1.53168 -1.40365 3.17575 3.23934 1.85696 1.99674 0.569744 -0.566085 -0.564875 0.55385 -2.73981 0.425555 -1.52353 -1.40809 3.17086 3.23962 1.85484 1.99802 -0.0557469 0.028717 0.01505 0.0228066 0.0755245 -0.115038 0.196655 -0.132757 -0.110912 0.00812127 -0.0569069 0.0206691 -0.0471485 0.0245398 0.0145896 0.0223747 0.0651551 -0.0990692 0.206242 -0.0985641 -0.128247 0.00627495 -0.0517828 0.0362202 12 -12 -12 10.3652 -12 11.562 -2.67458 -2.35234 10.4089 12 0.592987 0.688919 12 -12 -12 10.182 -12 11.5608 -2.79352 -2.48156 10.3369 12 0.421237 0.626908 0 0 0 3.13703 0.935767 0.140849 0.585289 0.853826 0.961531 0.565983 -0.564102 -0.563447 0.555819 -2.73447 0.41744 -1.50237 -1.41349 3.15766 3.24011 1.84975 2.00118 -0.0307058 0.0164385 0.0138408 0.0170433 0.04475 -0.0682758 0.213137 -0.0232357 -0.124095 0.00433867 -0.051049 0.0231744 0.571755 -0.567127 -0.565462 0.552941 -2.74256 0.429749 -1.53168 -1.40365 3.17575 3.23934 1.85696 1.99674 0.569744 -0.566085 -0.564875 0.55385 -2.73981 0.425555 -1.52353 -1.40809 3.17086 3.23962 1.85484 1.99802 0.567663 -0.564994 -0.564151 0.554903 -2.73689 0.421121 -1.51301 -1.41176 3.16418 3.23989 1.8523 1.99981 -0.0471485 0.0245398 0.0145896 0.0223747 0.0651551 -0.0990692 0.206242 -0.0985641 -0.128247 0.00627495 -0.0517828 0.0362202 -0.0381686 0.0201002 0.0143934 0.0200341 0.0540317 -0.0821985 0.211638 -0.0574455 -0.13509 0.00494448 -0.0508056 0.0337089 12 -12 -12 10.182 -12 11.5608 -2.79352 -2.48156 10.3369 12 0.421237 0.626908 12 -12 -12 10.0469 -12 11.5924 -2.94031 -2.61573 10.3358 12 0.217701 0.569322 0 0 0 3.12811 0.931956 0.136371 0.506104 0.935197 0.935331 0.564635 -0.563373 -0.56278 0.556579 -2.73247 0.414382 -1.49171 -1.41383 3.15187 3.24032 1.84727 2.00196 -0.0246835 0.0134406 0.0129487 0.0141081 0.0370311 -0.0566662 0.213416 0.00656507 -0.113383 0.00385464 -0.047909 0.00982228 0.569744 -0.566085 -0.564875 0.55385 -2.73981 0.425555 -1.52353 -1.40809 3.17086 3.23962 1.85484 1.99802 0.567663 -0.564994 -0.564151 0.554903 -2.73689 0.421121 -1.51301 -1.41176 3.16418 3.23989 1.8523 1.99981 0.565983 -0.564102 -0.563447 0.555819 -2.73447 0.41744 -1.50237 -1.41349 3.15766 3.24011 1.84975 2.00118 -0.0381686 0.0201002 0.0143934 0.0200341 0.0540317 -0.0821985 0.211638 -0.0574455 -0.13509 0.00494448 -0.0508056 0.0337089 -0.0307058 0.0164385 0.0138408 0.0170433 0.04475 -0.0682758 0.213137 -0.0232357 -0.124095 0.00433867 -0.051049 0.0231744 12 -12 -12 10.0469 -12 11.5924 -2.94031 -2.61573 10.3358 12 0.217701 0.569322 12 -12 -12 9.96169 -12 11.742 -3.16115 -2.77415 10.4866 12 -0.0690777 0.52575 0 0 0 3.12112 0.928581 0.132625 0.437349 0.999718 0.911622 0.563747 -0.562886 -0.562285 0.557094 -2.73112 0.412317 -1.48316 -1.41286 3.14746 3.24046 1.84546 2.00205 -0.0207873 0.0114137 0.0120101 0.0121892 0.0318064 -0.0487391 0.213792 0.0348931 -0.107441 0.00346067 -0.0440377 -0.00256541 0.567663 -0.564994 -0.564151 0.554903 -2.73689 0.421121 -1.51301 -1.41176 3.16418 3.23989 1.8523 1.99981 0.565983 -0.564102 -0.563447 0.555819 -2.73447 0.41744 -1.50237 -1.41349 3.15766 3.24011 1.84975 2.00118 0.564635 -0.563373 -0.56278 0.556579 -2.73247 0.414382 -1.49171 -1.41383 3.15187 3.24032 1.84727 2.00196 -0.0307058 0.0164385 0.0138408 0.0170433 0.04475 -0.0682758 0.213137 -0.0232357 -0.124095 0.00433867 -0.051049 0.0231744 -0.0246835 0.0134406 0.0129487 0.0141081 0.0370311 -0.0566662 0.213416 0.00656507 -0.113383 0.00385464 -0.047909 0.00982228 12 -12 -12 9.96169 -12 11.742 -3.16115 -2.77415 10.4866 12 -0.0690777 0.52575 12 -12 -12 9.93479 -12 11.2289 -3.07416 -2.6858 10.3124 12 0.0339413 0.524089 0 0 0 3.11432 0.924952 0.128783 0.381361 1.04796 0.882589 0.563002 -0.562474 -0.56183 0.557535 -2.72997 0.41054 -1.47464 -1.41093 3.14341 3.24059 1.84378 2.00167 -0.0173911 0.00971104 0.0110103 0.0102308 0.0273597 -0.0419744 0.212128 0.0531677 -0.0968356 0.0032029 -0.0407824 -0.0127268 0.565983 -0.564102 -0.563447 0.555819 -2.73447 0.41744 -1.50237 -1.41349 3.15766 3.24011 1.84975 2.00118 0.564635 -0.563373 -0.56278 0.556579 -2.73247 0.414382 -1.49171 -1.41383 3.15187 3.24032 1.84727 2.00196 0.563747 -0.562886 -0.562285 0.557094 -2.73112 0.412317 -1.48316 -1.41286 3.14746 3.24046 1.84546 2.00205 -0.0246835 0.0134406 0.0129487 0.0141081 0.0370311 -0.0566662 0.213416 0.00656507 -0.113383 0.00385464 -0.047909 0.00982228 -0.0207873 0.0114137 0.0120101 0.0121892 0.0318064 -0.0487391 0.213792 0.0348931 -0.107441 0.00346067 -0.0440377 -0.00256541 12 -12 -12 9.93479 -12 11.2289 -3.07416 -2.6858 10.3124 12 0.0339413 0.524089 12 -12 -12 9.98327 -12 11.1402 -3.13423 -2.64399 10.3582 12 -0.0492032 0.542772 0 0 0 3.10776 0.921152 0.124979 0.344081 1.07739 0.847752 0.562382 -0.562121 -0.561414 0.557894 -2.72897 0.409008 -1.46625 -1.40862 3.13982 3.24072 1.84223 2.00098 -0.0144216 0.00829492 0.0100155 0.00823126 0.0235742 -0.0362146 0.207864 0.0591593 -0.0859136 0.0030445 -0.0375232 -0.0196509 0.564635 -0.563373 -0.56278 0.556579 -2.73247 0.414382 -1.49171 -1.41383 3.15187 3.24032 1.84727 2.00196 0.563747 -0.562886 -0.562285 0.557094 -2.73112 0.412317 -1.48316 -1.41286 3.14746 3.24046 1.84546 2.00205 0.563002 -0.562474 -0.56183 0.557535 -2.72997 0.41054 -1.47464 -1.41093 3.14341 3.24059 1.84378 2.00167 -0.0207873 0.0114137 0.0120101 0.0121892 0.0318064 -0.0487391 0.213792 0.0348931 -0.107441 0.00346067 -0.0440377 -0.00256541 -0.0173911 0.00971104 0.0110103 0.0102308 0.0273597 -0.0419744 0.212128 0.0531677 -0.0968356 0.0032029 -0.0407824 -0.0127268 12 -12 -12 9.98327 -12 11.1402 -3.13423 -2.64399 10.3582 12 -0.0492032 0.542772 12 -12 -12 9.88463 -12 11.1484 -3.27995 -2.74195 10.4105 12 -0.241095 0.507136 0 0 0 3.10149 0.917244 0.12131 0.322576 1.08634 0.806423 0.56187 -0.56182 -0.561037 0.558175 -2.72811 0.407685 -1.45811 -1.40634 3.13671 3.24084 1.84083 2.00007 -0.01182 0.00709116 0.00909257 0.00629765 0.0203795 -0.0313445 0.199819 0.0524429 -0.0703335 0.00304489 -0.0337995 -0.0244513 0.563747 -0.562886 -0.562285 0.557094 -2.73112 0.412317 -1.48316 -1.41286 3.14746 3.24046 1.84546 2.00205 0.563002 -0.562474 -0.56183 0.557535 -2.72997 0.41054 -1.47464 -1.41093 3.14341 3.24059 1.84378 2.00167 0.562382 -0.562121 -0.561414 0.557894 -2.72897 0.409008 -1.46625 -1.40862 3.13982 3.24072 1.84223 2.00098 -0.0173911 0.00971104 0.0110103 0.0102308 0.0273597 -0.0419744 0.212128 0.0531677 -0.0968356 0.0032029 -0.0407824 -0.0127268 -0.0144216 0.00829492 0.0100155 0.00823126 0.0235742 -0.0362146 0.207864 0.0591593 -0.0859136 0.0030445 -0.0375232 -0.0196509 12 -12 -12 9.88463 -12 11.1484 -3.27995 -2.74195 10.4105 12 -0.241095 0.507136 12 -12 -12 9.82405 -12 11.0526 -3.36466 -2.79184 10.396 12 -0.365177 0.472168 0 0 0 3.09414 0.912348 0.117027 0.301624 1.06872 0.753384 0.561363 -0.561506 -0.560623 0.558443 -2.72719 0.406272 -1.44858 -1.40409 3.13413 3.241 1.83931 1.99867 -0.00908183 0.00575702 0.00768712 0.00488383 0.0170887 -0.0263507 0.18358 0.039551 -0.036144 0.00349399 -0.0280808 -0.0294683 0.563002 -0.562474 -0.56183 0.557535 -2.72997 0.41054 -1.47464 -1.41093 3.14341 3.24059 1.84378 2.00167 0.562382 -0.562121 -0.561414 0.557894 -2.72897 0.409008 -1.46625 -1.40862 3.13982 3.24072 1.84223 2.00098 0.56187 -0.56182 -0.561037 0.558175 -2.72811 0.407685 -1.45811 -1.40634 3.13671 3.24084 1.84083 2.00007 -0.0144216 0.00829492 0.0100155 0.00823126 0.0235742 -0.0362146 0.207864 0.0591593 -0.0859136 0.0030445 -0.0375232 -0.0196509 -0.01182 0.00709116 0.00909257 0.00629765 0.0203795 -0.0313445 0.199819 0.0524429 -0.0703335 0.00304489 -0.0337995 -0.0244513 12 -12 -12 9.82405 -12 11.0526 -3.36466 -2.79184 10.396 12 -0.365177 0.472168 12 -12 -12 9.68896 -12 11.2165 -3.62613 -2.94075 10.5812 12 -0.69051 0.405894 0 0 0 3.08864 0.908515 0.113885 0.302139 1.03468 0.711944 0.561049 -0.561299 -0.560352 0.558624 -2.72656 0.405302 -1.44159 -1.40284 3.13367 3.24115 1.83829 1.99754 -0.00715173 0.00487377 0.00618983 0.0043785 0.014969 -0.0230788 0.169354 0.0252826 0.00532103 0.00405775 -0.0243654 -0.0265527 0.562382 -0.562121 -0.561414 0.557894 -2.72897 0.409008 -1.46625 -1.40862 3.13982 3.24072 1.84223 2.00098 0.56187 -0.56182 -0.561037 0.558175 -2.72811 0.407685 -1.45811 -1.40634 3.13671 3.24084 1.84083 2.00007 0.561363 -0.561506 -0.560623 0.558443 -2.72719 0.406272 -1.44858 -1.40409 3.13413 3.241 1.83931 1.99867 -0.01182 0.00709116 0.00909257 0.00629765 0.0203795 -0.0313445 0.199819 0.0524429 -0.0703335 0.00304489 -0.0337995 -0.0244513 -0.00908183 0.00575702 0.00768712 0.00488383 0.0170887 -0.0263507 0.18358 0.039551 -0.036144 0.00349399 -0.0280808 -0.0294683 12 -12 -12 9.68896 -12 11.2165 -3.62613 -2.94075 10.5812 12 -0.69051 0.405894 12 -12 -12 9.48648 -12 11.5276 -3.97278 -3.17612 10.8746 12 -1.12798 0.301836 0 0 0 3.08346 0.904792 0.111019 0.303775 1.00262 0.674909 0.560801 -0.561123 -0.560143 0.5588 -2.72601 0.404452 -1.43514 -1.40212 3.13478 3.24132 1.83747 1.99664 -0.00561454 0.0041179 0.00455192 0.00447151 0.0131161 -0.020187 0.157061 0.0131952 0.0442195 0.00446237 -0.0190915 -0.0196146 0.56187 -0.56182 -0.561037 0.558175 -2.72811 0.407685 -1.45811 -1.40634 3.13671 3.24084 1.84083 2.00007 0.561363 -0.561506 -0.560623 0.558443 -2.72719 0.406272 -1.44858 -1.40409 3.13413 3.241 1.83931 1.99867 0.561049 -0.561299 -0.560352 0.558624 -2.72656 0.405302 -1.44159 -1.40284 3.13367 3.24115 1.83829 1.99754 -0.00908183 0.00575702 0.00768712 0.00488383 0.0170887 -0.0263507 0.18358 0.039551 -0.036144 0.00349399 -0.0280808 -0.0294683 -0.00715173 0.00487377 0.00618983 0.0043785 0.014969 -0.0230788 0.169354 0.0252826 0.00532103 0.00405775 -0.0243654 -0.0265527 12 -12 -12 9.48648 -12 11.5276 -3.97278 -3.17612 10.8746 12 -1.12798 0.301836 12 -12 -12 9.23723 -12 11.9719 -4.30663 -3.44809 11.2712 12 -1.61364 0.15419 0 0 0 3.07735 0.900274 0.10778 0.317877 0.967152 0.642344 0.56057 -0.56094 -0.559986 0.559043 -2.72541 0.403538 -1.42761 -1.40195 3.13875 3.24156 1.83658 1.99602 -0.00400878 0.00337373 0.00219256 0.00519126 0.0112059 -0.0171022 0.14679 -0.00312898 0.101959 0.00497823 -0.0172781 -0.0076786 0.561363 -0.561506 -0.560623 0.558443 -2.72719 0.406272 -1.44858 -1.40409 3.13413 3.241 1.83931 1.99867 0.561049 -0.561299 -0.560352 0.558624 -2.72656 0.405302 -1.44159 -1.40284 3.13367 3.24115 1.83829 1.99754 0.560801 -0.561123 -0.560143 0.5588 -2.72601 0.404452 -1.43514 -1.40212 3.13478 3.24132 1.83747 1.99664 -0.00715173 0.00487377 0.00618983 0.0043785 0.014969 -0.0230788 0.169354 0.0252826 0.00532103 0.00405775 -0.0243654 -0.0265527 -0.00561454 0.0041179 0.00455192 0.00447151 0.0131161 -0.020187 0.157061 0.0131952 0.0442195 0.00446237 -0.0190915 -0.0196146 12 -12 -12 9.23723 -12 11.9719 -4.30663 -3.44809 11.2712 12 -1.61364 0.15419 12 -12 -12 8.93435 -12 12 -4.51691 -3.72845 11.7696 12 -2.02652 -0.0535629 0 0 0 3.07155 0.895884 0.104871 0.333072 0.939314 0.617307 0.560406 -0.56079 -0.559942 0.55933 -2.7249 0.402763 -1.42052 -1.40252 3.14498 3.24182 1.83572 1.99599 -0.00285882 0.00276568 -1.09502e-05 0.00613668 0.00956044 -0.0144761 0.139041 -0.0166041 0.135624 0.00530971 -0.018067 0.00361927 0.561049 -0.561299 -0.560352 0.558624 -2.72656 0.405302 -1.44159 -1.40284 3.13367 3.24115 1.83829 1.99754 0.560801 -0.561123 -0.560143 0.5588 -2.72601 0.404452 -1.43514 -1.40212 3.13478 3.24132 1.83747 1.99664 0.56057 -0.56094 -0.559986 0.559043 -2.72541 0.403538 -1.42761 -1.40195 3.13875 3.24156 1.83658 1.99602 -0.00561454 0.0041179 0.00455192 0.00447151 0.0131161 -0.020187 0.157061 0.0131952 0.0442195 0.00446237 -0.0190915 -0.0196146 -0.00400878 0.00337373 0.00219256 0.00519126 0.0112059 -0.0171022 0.14679 -0.00312898 0.101959 0.00497823 -0.0172781 -0.0076786 12 -12 -12 8.93435 -12 12 -4.51691 -3.72845 11.7696 12 -2.02652 -0.0535629 12 -12 -12 8.7618 -12 12 -4.64533 -3.95864 12 12 -2.27644 -0.285317 0 0 0 3.06598 0.891586 0.102242 0.347861 0.920326 0.59797 0.560288 -0.560668 -0.560001 0.559664 -2.72447 0.402108 -1.41374 -1.40369 3.15214 3.24209 1.8347 1.99642 -0.00204805 0.00226908 -0.00194067 0.00705694 0.00815516 -0.0122354 0.133691 -0.0275984 0.145726 0.0054577 -0.0227297 0.0111777 0.560801 -0.561123 -0.560143 0.5588 -2.72601 0.404452 -1.43514 -1.40212 3.13478 3.24132 1.83747 1.99664 0.56057 -0.56094 -0.559986 0.559043 -2.72541 0.403538 -1.42761 -1.40195 3.13875 3.24156 1.83658 1.99602 0.560406 -0.56079 -0.559942 0.55933 -2.7249 0.402763 -1.42052 -1.40252 3.14498 3.24182 1.83572 1.99599 -0.00400878 0.00337373 0.00219256 0.00519126 0.0112059 -0.0171022 0.14679 -0.00312898 0.101959 0.00497823 -0.0172781 -0.0076786 -0.00285882 0.00276568 -1.09502e-05 0.00613668 0.00956044 -0.0144761 0.139041 -0.0166041 0.135624 0.00530971 -0.018067 0.00361927 12 -12 -12 8.7618 -12 12 -4.64533 -3.95864 12 12 -2.27644 -0.285317 12 -12 -12 8.5998 -12 12 -4.74998 -4.18354 12 12 -2.48135 -0.560339 0 0 0 3.06166 0.888185 0.100304 0.360037 0.912365 0.587674 0.560219 -0.560585 -0.560112 0.559961 -2.72417 0.401658 -1.40846 -1.40498 3.15794 3.24231 1.83364 1.99695 -0.00155764 0.00194966 -0.00321896 0.00761796 0.00719578 -0.0106817 0.131576 -0.0351931 0.143845 0.0054766 -0.0293878 0.0137838 0.56057 -0.56094 -0.559986 0.559043 -2.72541 0.403538 -1.42761 -1.40195 3.13875 3.24156 1.83658 1.99602 0.560406 -0.56079 -0.559942 0.55933 -2.7249 0.402763 -1.42052 -1.40252 3.14498 3.24182 1.83572 1.99599 0.560288 -0.560668 -0.560001 0.559664 -2.72447 0.402108 -1.41374 -1.40369 3.15214 3.24209 1.8347 1.99642 -0.00285882 0.00276568 -1.09502e-05 0.00613668 0.00956044 -0.0144761 0.139041 -0.0166041 0.135624 0.00530971 -0.018067 0.00361927 -0.00204805 0.00226908 -0.00194067 0.00705694 0.00815516 -0.0122354 0.133691 -0.0275984 0.145726 0.0054577 -0.0227297 0.0111777 12 -12 -12 8.5998 -12 12 -4.74998 -4.18354 12 12 -2.48135 -0.560339 12 -12 -12 8.45608 -12 12 -4.81649 -4.36512 12 12 -2.63978 -0.805419 0 0 0 3.05741 0.884792 0.0984863 0.373795 0.911019 0.582525 0.560166 -0.560514 -0.560265 0.560272 -2.7239 0.401266 -1.40321 -1.40656 3.16353 3.24253 1.83225 1.9975 -0.00116179 0.00169641 -0.00416613 0.00780621 0.0063716 -0.00931578 0.131448 -0.0421346 0.136844 0.00542613 -0.0385097 0.0130105 0.560406 -0.56079 -0.559942 0.55933 -2.7249 0.402763 -1.42052 -1.40252 3.14498 3.24182 1.83572 1.99599 0.560288 -0.560668 -0.560001 0.559664 -2.72447 0.402108 -1.41374 -1.40369 3.15214 3.24209 1.8347 1.99642 0.560219 -0.560585 -0.560112 0.559961 -2.72417 0.401658 -1.40846 -1.40498 3.15794 3.24231 1.83364 1.99695 -0.00204805 0.00226908 -0.00194067 0.00705694 0.00815516 -0.0122354 0.133691 -0.0275984 0.145726 0.0054577 -0.0227297 0.0111777 -0.00155764 0.00194966 -0.00321896 0.00761796 0.00719578 -0.0106817 0.131576 -0.0351931 0.143845 0.0054766 -0.0293878 0.0137838 12 -12 -12 8.45608 -12 12 -4.81649 -4.36512 12 12 -2.63978 -0.805419 12 -12 -12 8.30949 -12 12 -4.84344 -4.53214 12 12 -2.77214 -1.0501 0 0 0 3.05319 0.881364 0.0967471 0.385056 0.921967 0.583457 0.560128 -0.560451 -0.56045 0.560556 -2.72366 0.400923 -1.39787 -1.40838 3.16876 3.24275 1.83037 1.99786 -0.000850503 0.00148009 -0.0048226 0.00665497 0.00571052 -0.00812295 0.134466 -0.0473436 0.126928 0.00541501 -0.0519419 0.00695391 0.560288 -0.560668 -0.560001 0.559664 -2.72447 0.402108 -1.41374 -1.40369 3.15214 3.24209 1.8347 1.99642 0.560219 -0.560585 -0.560112 0.559961 -2.72417 0.401658 -1.40846 -1.40498 3.15794 3.24231 1.83364 1.99695 0.560166 -0.560514 -0.560265 0.560272 -2.7239 0.401266 -1.40321 -1.40656 3.16353 3.24253 1.83225 1.9975 -0.00155764 0.00194966 -0.00321896 0.00761796 0.00719578 -0.0106817 0.131576 -0.0351931 0.143845 0.0054766 -0.0293878 0.0137838 -0.00116179 0.00169641 -0.00416613 0.00780621 0.0063716 -0.00931578 0.131448 -0.0421346 0.136844 0.00542613 -0.0385097 0.0130105 12 -12 -12 8.30949 -12 12 -4.84344 -4.53214 12 12 -2.77214 -1.0501 12 -12 -12 8.14016 -12 12 -4.86406 -4.6899 12 12 -2.91406 -1.31244 0 0 0 3.04899 0.877886 0.0950736 0.393162 0.936598 0.583296 0.5601 -0.560397 -0.56065 0.560785 -2.72345 0.400625 -1.39244 -1.41039 3.17356 3.24296 1.82797 1.99798 -0.000625774 0.00127141 -0.00508803 0.00494114 0.00513563 -0.00707382 0.137141 -0.0514105 0.115713 0.00528613 -0.0654714 -0.000368152 0.560219 -0.560585 -0.560112 0.559961 -2.72417 0.401658 -1.40846 -1.40498 3.15794 3.24231 1.83364 1.99695 0.560166 -0.560514 -0.560265 0.560272 -2.7239 0.401266 -1.40321 -1.40656 3.16353 3.24253 1.83225 1.9975 0.560128 -0.560451 -0.56045 0.560556 -2.72366 0.400923 -1.39787 -1.40838 3.16876 3.24275 1.83037 1.99786 -0.00116179 0.00169641 -0.00416613 0.00780621 0.0063716 -0.00931578 0.131448 -0.0421346 0.136844 0.00542613 -0.0385097 0.0130105 -0.000850503 0.00148009 -0.0048226 0.00665497 0.00571052 -0.00812295 0.134466 -0.0473436 0.126928 0.00541501 -0.0519419 0.00695391 12 -12 -12 8.14016 -12 12 -4.86406 -4.6899 12 12 -2.91406 -1.31244 12 -12 -12 7.9384 -12 12 -4.90383 -4.82081 12 12 -3.08734 -1.59399 0 0 0 3.0448 0.874323 0.0934403 0.395549 0.95976 0.582643 0.560079 -0.560352 -0.560853 0.560922 -2.72325 0.400365 -1.38687 -1.4125 3.1779 3.24317 1.82497 1.99771 -0.000464526 0.0010642 -0.00504397 0.00228246 0.00468403 -0.00616593 0.140906 -0.0532175 0.104072 0.00517947 -0.0815695 -0.0114362 0.560166 -0.560514 -0.560265 0.560272 -2.7239 0.401266 -1.40321 -1.40656 3.16353 3.24253 1.83225 1.9975 0.560128 -0.560451 -0.56045 0.560556 -2.72366 0.400923 -1.39787 -1.40838 3.16876 3.24275 1.83037 1.99786 0.5601 -0.560397 -0.56065 0.560785 -2.72345 0.400625 -1.39244 -1.41039 3.17356 3.24296 1.82797 1.99798 -0.000850503 0.00148009 -0.0048226 0.00665497 0.00571052 -0.00812295 0.134466 -0.0473436 0.126928 0.00541501 -0.0519419 0.00695391 -0.000625774 0.00127141 -0.00508803 0.00494114 0.00513563 -0.00707382 0.137141 -0.0514105 0.115713 0.00528613 -0.0654714 -0.000368152 12 -12 -12 7.9384 -12 12 -4.90383 -4.82081 12 12 -3.08734 -1.59399 12 -12 -12 7.68721 -12 12 -4.95785 -4.94059 12 12 -3.30197 -1.91608 0 0 0 3.03961 0.86971 0.0914306 0.390582 0.995678 0.578032 0.56006 -0.560306 -0.561092 0.560917 -2.72303 0.400086 -1.37969 -1.41517 3.18267 3.24342 1.82023 1.99663 -0.000319085 0.000803343 -0.00454453 -0.00182593 0.0042525 -0.00522526 0.145578 -0.0529043 0.0898267 0.00507882 -0.104031 -0.0292595 0.560128 -0.560451 -0.56045 0.560556 -2.72366 0.400923 -1.39787 -1.40838 3.16876 3.24275 1.83037 1.99786 0.5601 -0.560397 -0.56065 0.560785 -2.72345 0.400625 -1.39244 -1.41039 3.17356 3.24296 1.82797 1.99798 0.560079 -0.560352 -0.560853 0.560922 -2.72325 0.400365 -1.38687 -1.4125 3.1779 3.24317 1.82497 1.99771 -0.000625774 0.00127141 -0.00508803 0.00494114 0.00513563 -0.00707382 0.137141 -0.0514105 0.115713 0.00528613 -0.0654714 -0.000368152 -0.000464526 0.0010642 -0.00504397 0.00228246 0.00468403 -0.00616593 0.140906 -0.0532175 0.104072 0.00517947 -0.0815695 -0.0114362 12 -12 -12 7.68721 -12 12 -4.95785 -4.94059 12 12 -3.30197 -1.91608 12 -12 -12 7.43268 -12 12 -5.03375 -5.0389 12 12 -3.53831 -2.23209 0 0 0 3.03449 0.864904 0.0894516 0.379237 1.03279 0.568188 0.560048 -0.560273 -0.561293 0.5607 -2.72283 0.399848 -1.37231 -1.41778 3.18676 3.24367 1.81435 1.99459 -0.000206519 0.000558068 -0.00361835 -0.00614572 0.00390162 -0.00447175 0.148956 -0.0510452 0.0765846 0.00496761 -0.127367 -0.0494934 0.5601 -0.560397 -0.56065 0.560785 -2.72345 0.400625 -1.39244 -1.41039 3.17356 3.24296 1.82797 1.99798 0.560079 -0.560352 -0.560853 0.560922 -2.72325 0.400365 -1.38687 -1.4125 3.1779 3.24317 1.82497 1.99771 0.56006 -0.560306 -0.561092 0.560917 -2.72303 0.400086 -1.37969 -1.41517 3.18267 3.24342 1.82023 1.99663 -0.000464526 0.0010642 -0.00504397 0.00228246 0.00468403 -0.00616593 0.140906 -0.0532175 0.104072 0.00517947 -0.0815695 -0.0114362 -0.000319085 0.000803343 -0.00454453 -0.00182593 0.0042525 -0.00522526 0.145578 -0.0529043 0.0898267 0.00507882 -0.104031 -0.0292595 12 -12 -12 7.43268 -12 12 -5.03375 -5.0389 12 12 -3.53831 -2.23209 12 -12 -12 7.1809 -12 12 -5.12397 -5.11975 12 12 -3.78852 -2.53782 0 0 0 3.02949 0.859913 0.0875092 0.364571 1.06663 0.554574 0.560041 -0.560252 -0.561437 0.560276 -2.72265 0.399643 -1.36483 -1.42029 3.19023 3.24392 1.80732 1.99151 -0.000106425 0.000353217 -0.00238706 -0.0102432 0.00357573 -0.00386591 0.150737 -0.0488589 0.0647111 0.00480915 -0.150537 -0.0707117 0.560079 -0.560352 -0.560853 0.560922 -2.72325 0.400365 -1.38687 -1.4125 3.1779 3.24317 1.82497 1.99771 0.56006 -0.560306 -0.561092 0.560917 -2.72303 0.400086 -1.37969 -1.41517 3.18267 3.24342 1.82023 1.99663 0.560048 -0.560273 -0.561293 0.5607 -2.72283 0.399848 -1.37231 -1.41778 3.18676 3.24367 1.81435 1.99459 -0.000319085 0.000803343 -0.00454453 -0.00182593 0.0042525 -0.00522526 0.145578 -0.0529043 0.0898267 0.00507882 -0.104031 -0.0292595 -0.000206519 0.000558068 -0.00361835 -0.00614572 0.00390162 -0.00447175 0.148956 -0.0510452 0.0765846 0.00496761 -0.127367 -0.0494934 12 -12 -12 7.1809 -12 12 -5.12397 -5.11975 12 12 -3.78852 -2.53782 12 -12 -12 6.91138 -12 12 -5.20888 -5.19054 12 12 -4.04651 -2.84861 0 0 0 3.02462 0.854735 0.0856013 0.3471 1.10314 0.538456 0.560038 -0.560239 -0.561515 0.559642 -2.72248 0.399465 -1.35724 -1.42264 3.19315 3.24415 1.79906 1.98729 -1.85582e-05 0.000192673 -0.0010145 -0.0144474 0.0033014 -0.00335856 0.153162 -0.0449798 0.0542716 0.00462555 -0.175776 -0.094813 0.56006 -0.560306 -0.561092 0.560917 -2.72303 0.400086 -1.37969 -1.41517 3.18267 3.24342 1.82023 1.99663 0.560048 -0.560273 -0.561293 0.5607 -2.72283 0.399848 -1.37231 -1.41778 3.18676 3.24367 1.81435 1.99459 0.560041 -0.560252 -0.561437 0.560276 -2.72265 0.399643 -1.36483 -1.42029 3.19023 3.24392 1.80732 1.99151 -0.000206519 0.000558068 -0.00361835 -0.00614572 0.00390162 -0.00447175 0.148956 -0.0510452 0.0765846 0.00496761 -0.127367 -0.0494934 -0.000106425 0.000353217 -0.00238706 -0.0102432 0.00357573 -0.00386591 0.150737 -0.0488589 0.0647111 0.00480915 -0.150537 -0.0707117 12 -12 -12 6.91138 -12 12 -5.20888 -5.19054 12 12 -4.04651 -2.84861 12 -12 -12 6.627 -12 12 -5.25048 -5.25872 12 12 -4.27828 -3.16199 0 0 0 3.01991 0.849349 0.0837383 0.328437 1.14415 0.519273 0.56004 -0.560233 -0.561525 0.558801 -2.72232 0.39931 -1.34949 -1.42473 3.19559 3.24437 1.78948 1.98177 5.62746e-05 7.26516e-05 0.000315248 -0.0184648 0.00306825 -0.00291821 0.157132 -0.0388734 0.0452475 0.00439321 -0.203436 -0.121633 0.560048 -0.560273 -0.561293 0.5607 -2.72283 0.399848 -1.37231 -1.41778 3.18676 3.24367 1.81435 1.99459 0.560041 -0.560252 -0.561437 0.560276 -2.72265 0.399643 -1.36483 -1.42029 3.19023 3.24392 1.80732 1.99151 0.560038 -0.560239 -0.561515 0.559642 -2.72248 0.399465 -1.35724 -1.42264 3.19315 3.24415 1.79906 1.98729 -0.000106425 0.000353217 -0.00238706 -0.0102432 0.00357573 -0.00386591 0.150737 -0.0488589 0.0647111 0.00480915 -0.150537 -0.0707117 -1.85582e-05 0.000192673 -0.0010145 -0.0144474 0.0033014 -0.00335856 0.153162 -0.0449798 0.0542716 0.00462555 -0.175776 -0.094813 12 -12 -12 6.627 -12 12 -5.25048 -5.25872 12 12 -4.27828 -3.16199 12 -12 -12 6.33943 -12 12 -5.27695 -5.30404 12 12 -4.50212 -3.45891 0 0 0 3.01537 0.843724 0.0819056 0.303153 1.1927 0.498591 0.560044 -0.560233 -0.561472 0.557774 -2.72217 0.399176 -1.34149 -1.42643 3.19761 3.24459 1.77843 1.97483 8.38708e-05 -3.53543e-05 0.00151907 -0.0220515 0.00285637 -0.00252251 0.162888 -0.0293304 0.0375879 0.00414752 -0.23359 -0.15166 0.560041 -0.560252 -0.561437 0.560276 -2.72265 0.399643 -1.36483 -1.42029 3.19023 3.24392 1.80732 1.99151 0.560038 -0.560239 -0.561515 0.559642 -2.72248 0.399465 -1.35724 -1.42264 3.19315 3.24415 1.79906 1.98729 0.56004 -0.560233 -0.561525 0.558801 -2.72232 0.39931 -1.34949 -1.42473 3.19559 3.24437 1.78948 1.98177 -1.85582e-05 0.000192673 -0.0010145 -0.0144474 0.0033014 -0.00335856 0.153162 -0.0449798 0.0542716 0.00462555 -0.175776 -0.094813 5.62746e-05 7.26516e-05 0.000315248 -0.0184648 0.00306825 -0.00291821 0.157132 -0.0388734 0.0452475 0.00439321 -0.203436 -0.121633 12 -12 -12 6.33943 -12 12 -5.27695 -5.30404 12 12 -4.50212 -3.45891 12 -12 -12 6.04921 -12 12 -5.28957 -5.33138 12 12 -4.71467 -3.73651 0 0 0 3.01186 0.839014 0.0804391 0.277573 1.24133 0.480673 0.560047 -0.560236 -0.561388 0.556822 -2.72206 0.399082 -1.33482 -1.42734 3.19898 3.24475 1.76843 1.96809 7.92022e-05 -0.000114549 0.00243782 -0.0249717 0.00272296 -0.00222594 0.169949 -0.018167 0.0323192 0.00395417 -0.260956 -0.179323 0.560038 -0.560239 -0.561515 0.559642 -2.72248 0.399465 -1.35724 -1.42264 3.19315 3.24415 1.79906 1.98729 0.56004 -0.560233 -0.561525 0.558801 -2.72232 0.39931 -1.34949 -1.42473 3.19559 3.24437 1.78948 1.98177 0.560044 -0.560233 -0.561472 0.557774 -2.72217 0.399176 -1.34149 -1.42643 3.19761 3.24459 1.77843 1.97483 5.62746e-05 7.26516e-05 0.000315248 -0.0184648 0.00306825 -0.00291821 0.157132 -0.0388734 0.0452475 0.00439321 -0.203436 -0.121633 8.38708e-05 -3.53543e-05 0.00151907 -0.0220515 0.00285637 -0.00252251 0.162888 -0.0293304 0.0375879 0.00414752 -0.23359 -0.15166 12 -12 -12 6.04921 -12 12 -5.28957 -5.33138 12 12 -4.71467 -3.73651 12 -12 -12 5.74643 -12 12 -5.29433 -5.33421 12 12 -4.93437 -4.01027 0 0 0 3.00846 0.834088 0.0789592 0.249622 1.2942 0.462122 0.560051 -0.560242 -0.561266 0.555753 -2.72196 0.399 -1.32783 -1.42776 3.20016 3.2449 1.75728 1.9602 8.10064e-05 -0.000180726 0.00337238 -0.0278706 0.00259633 -0.00196972 0.178389 -0.00540044 0.0277126 0.00378396 -0.290523 -0.208434 0.56004 -0.560233 -0.561525 0.558801 -2.72232 0.39931 -1.34949 -1.42473 3.19559 3.24437 1.78948 1.98177 0.560044 -0.560233 -0.561472 0.557774 -2.72217 0.399176 -1.34149 -1.42643 3.19761 3.24459 1.77843 1.97483 0.560047 -0.560236 -0.561388 0.556822 -2.72206 0.399082 -1.33482 -1.42734 3.19898 3.24475 1.76843 1.96809 8.38708e-05 -3.53543e-05 0.00151907 -0.0220515 0.00285637 -0.00252251 0.162888 -0.0293304 0.0375879 0.00414752 -0.23359 -0.15166 7.92022e-05 -0.000114549 0.00243782 -0.0249717 0.00272296 -0.00222594 0.169949 -0.018167 0.0323192 0.00395417 -0.260956 -0.179323 12 -12 -12 5.74643 -12 12 -5.29433 -5.33421 12 12 -4.93437 -4.01027 12 -12 -12 5.45738 -12 12 -5.29912 -5.33096 12 12 -5.15419 -4.26368 0 0 0 3.00518 0.828941 0.0774628 0.221785 1.34644 0.443719 0.560054 -0.560251 -0.561107 0.554571 -2.72186 0.398926 -1.32049 -1.42767 3.20116 3.24505 1.7449 1.95117 0.000106869 -0.000230122 0.00432551 -0.0306905 0.00245174 -0.00176207 0.187503 0.00747141 0.0237025 0.00363175 -0.321513 -0.236909 0.560044 -0.560233 -0.561472 0.557774 -2.72217 0.399176 -1.34149 -1.42643 3.19761 3.24459 1.77843 1.97483 0.560047 -0.560236 -0.561388 0.556822 -2.72206 0.399082 -1.33482 -1.42734 3.19898 3.24475 1.76843 1.96809 0.560051 -0.560242 -0.561266 0.555753 -2.72196 0.399 -1.32783 -1.42776 3.20016 3.2449 1.75728 1.9602 7.92022e-05 -0.000114549 0.00243782 -0.0249717 0.00272296 -0.00222594 0.169949 -0.018167 0.0323192 0.00395417 -0.260956 -0.179323 8.10064e-05 -0.000180726 0.00337238 -0.0278706 0.00259633 -0.00196972 0.178389 -0.00540044 0.0277126 0.00378396 -0.290523 -0.208434 12 -12 -12 5.45738 -12 12 -5.29912 -5.33096 12 12 -5.15419 -4.26368 12 -12 -12 5.17663 -12 12 -5.29838 -5.34587 12 12 -5.3681 -4.50144 0 0 0 3.00201 0.823591 0.0759547 0.1971 1.39083 0.426429 0.56006 -0.560261 -0.560909 0.553278 -2.72176 0.398859 -1.31279 -1.42708 3.20202 3.24519 1.73127 1.94097 0.000172231 -0.000253543 0.00531448 -0.0333613 0.00227792 -0.00162835 0.195808 0.0186849 0.0201867 0.003528 -0.352629 -0.26556 0.560047 -0.560236 -0.561388 0.556822 -2.72206 0.399082 -1.33482 -1.42734 3.19898 3.24475 1.76843 1.96809 0.560051 -0.560242 -0.561266 0.555753 -2.72196 0.399 -1.32783 -1.42776 3.20016 3.2449 1.75728 1.9602 0.560054 -0.560251 -0.561107 0.554571 -2.72186 0.398926 -1.32049 -1.42767 3.20116 3.24505 1.7449 1.95117 8.10064e-05 -0.000180726 0.00337238 -0.0278706 0.00259633 -0.00196972 0.178389 -0.00540044 0.0277126 0.00378396 -0.290523 -0.208434 0.000106869 -0.000230122 0.00432551 -0.0306905 0.00245174 -0.00176207 0.187503 0.00747141 0.0237025 0.00363175 -0.321513 -0.236909 12 -12 -12 5.17663 -12 12 -5.29838 -5.34587 12 12 -5.3681 -4.50144 12 -12 -12 4.89767 -12 12 -5.29019 -5.35796 12 12 -5.56111 -4.72071 0 0 0 2.99896 0.818084 0.074467 0.182512 1.42408 0.408873 0.56007 -0.560271 -0.560677 0.55189 -2.72168 0.398796 -1.3048 -1.4261 3.20275 3.24533 1.71643 1.92966 0.000294876 -0.000231981 0.00603948 -0.0355516 0.00208528 -0.0015452 0.201774 0.0274405 0.0170975 0.00338426 -0.382206 -0.293006 0.560051 -0.560242 -0.561266 0.555753 -2.72196 0.399 -1.32783 -1.42776 3.20016 3.2449 1.75728 1.9602 0.560054 -0.560251 -0.561107 0.554571 -2.72186 0.398926 -1.32049 -1.42767 3.20116 3.24505 1.7449 1.95117 0.56006 -0.560261 -0.560909 0.553278 -2.72176 0.398859 -1.31279 -1.42708 3.20202 3.24519 1.73127 1.94097 0.000106869 -0.000230122 0.00432551 -0.0306905 0.00245174 -0.00176207 0.187503 0.00747141 0.0237025 0.00363175 -0.321513 -0.236909 0.000172231 -0.000253543 0.00531448 -0.0333613 0.00227792 -0.00162835 0.195808 0.0186849 0.0201867 0.003528 -0.352629 -0.26556 12 -12 -12 4.89767 -12 12 -5.29019 -5.35796 12 12 -5.56111 -4.72071 12 -12 -12 4.65046 -12 12 -5.28361 -5.37947 12 12 -5.70332 -4.91855 0 0 0 2.99603 0.81246 0.0730556 0.178281 1.44729 0.388239 0.560085 -0.560279 -0.560427 0.550436 -2.7216 0.398736 -1.29667 -1.42481 3.20337 3.24546 1.70051 1.91726 0.000441996 -0.000177932 0.00634028 -0.0367694 0.00188874 -0.0014779 0.204391 0.0351895 0.0144122 0.0031416 -0.407689 -0.319933 0.560054 -0.560251 -0.561107 0.554571 -2.72186 0.398926 -1.32049 -1.42767 3.20116 3.24505 1.7449 1.95117 0.56006 -0.560261 -0.560909 0.553278 -2.72176 0.398859 -1.31279 -1.42708 3.20202 3.24519 1.73127 1.94097 0.56007 -0.560271 -0.560677 0.55189 -2.72168 0.398796 -1.3048 -1.4261 3.20275 3.24533 1.71643 1.92966 0.000172231 -0.000253543 0.00531448 -0.0333613 0.00227792 -0.00162835 0.195808 0.0186849 0.0201867 0.003528 -0.352629 -0.26556 0.000294876 -0.000231981 0.00603948 -0.0355516 0.00208528 -0.0015452 0.201774 0.0274405 0.0170975 0.00338426 -0.382206 -0.293006 12 -12 -12 4.65046 -12 12 -5.28361 -5.37947 12 12 -5.70332 -4.91855 12 -12 -12 4.43888 -12 12 -5.26618 -5.4028 12 12 -5.78644 -5.08404 0 0 0 2.99326 0.806751 0.0717653 0.181473 1.46443 0.365734 0.560106 -0.560284 -0.560173 0.548949 -2.72153 0.398678 -1.28846 -1.42321 3.20389 3.24558 1.68357 1.90379 0.000573038 -0.00010684 0.0063203 -0.037393 0.00169607 -0.0014033 0.205688 0.0428223 0.0121242 0.00283455 -0.432809 -0.347016 0.56006 -0.560261 -0.560909 0.553278 -2.72176 0.398859 -1.31279 -1.42708 3.20202 3.24519 1.73127 1.94097 0.56007 -0.560271 -0.560677 0.55189 -2.72168 0.398796 -1.3048 -1.4261 3.20275 3.24533 1.71643 1.92966 0.560085 -0.560279 -0.560427 0.550436 -2.7216 0.398736 -1.29667 -1.42481 3.20337 3.24546 1.70051 1.91726 0.000294876 -0.000231981 0.00603948 -0.0355516 0.00208528 -0.0015452 0.201774 0.0274405 0.0170975 0.00338426 -0.382206 -0.293006 0.000441996 -0.000177932 0.00634028 -0.0367694 0.00188874 -0.0014779 0.204391 0.0351895 0.0144122 0.0031416 -0.407689 -0.319933 12 -12 -12 4.43888 -12 12 -5.26618 -5.4028 12 12 -5.78644 -5.08404 12 -12 -12 4.25749 -12 12 -5.23204 -5.41762 12 12 -5.81909 -5.2154 0 0 0 2.99064 0.800964 0.0706127 0.183871 1.48319 0.341003 0.560131 -0.560287 -0.559925 0.547449 -2.72147 0.398625 -1.28021 -1.42127 3.20432 3.24568 1.66566 1.88925 0.000612198 -3.57427e-05 0.00607116 -0.0375132 0.00148369 -0.0012556 0.206496 0.0528542 0.0103386 0.0023525 -0.456421 -0.37384 0.56007 -0.560271 -0.560677 0.55189 -2.72168 0.398796 -1.3048 -1.4261 3.20275 3.24533 1.71643 1.92966 0.560085 -0.560279 -0.560427 0.550436 -2.7216 0.398736 -1.29667 -1.42481 3.20337 3.24546 1.70051 1.91726 0.560106 -0.560284 -0.560173 0.548949 -2.72153 0.398678 -1.28846 -1.42321 3.20389 3.24558 1.68357 1.90379 0.000441996 -0.000177932 0.00634028 -0.0367694 0.00188874 -0.0014779 0.204391 0.0351895 0.0144122 0.0031416 -0.407689 -0.319933 0.000573038 -0.00010684 0.0063203 -0.037393 0.00169607 -0.0014033 0.205688 0.0428223 0.0121242 0.00283455 -0.432809 -0.347016 12 -12 -12 4.25749 -12 12 -5.23204 -5.41762 12 12 -5.81909 -5.2154 12 -12 -12 4.09615 -12 12 -5.14539 -5.39726 12 12 -5.76589 -5.30488 0 0 0 2.98819 0.795095 0.0696002 0.183875 1.50082 0.311244 0.560155 -0.560287 -0.559692 0.545967 -2.72141 0.398579 -1.27197 -1.41885 3.2047 3.24576 1.64684 1.87358 0.000579904 2.43457e-05 0.00569099 -0.0366144 0.00127146 -0.00107814 0.205439 0.0657091 0.00891012 0.00177805 -0.477853 -0.40275 0.560085 -0.560279 -0.560427 0.550436 -2.7216 0.398736 -1.29667 -1.42481 3.20337 3.24546 1.70051 1.91726 0.560106 -0.560284 -0.560173 0.548949 -2.72153 0.398678 -1.28846 -1.42321 3.20389 3.24558 1.68357 1.90379 0.560131 -0.560287 -0.559925 0.547449 -2.72147 0.398625 -1.28021 -1.42127 3.20432 3.24568 1.66566 1.88925 0.000573038 -0.00010684 0.0063203 -0.037393 0.00169607 -0.0014033 0.205688 0.0428223 0.0121242 0.00283455 -0.432809 -0.347016 0.000612198 -3.57427e-05 0.00607116 -0.0375132 0.00148369 -0.0012556 0.206496 0.0528542 0.0103386 0.0023525 -0.456421 -0.37384 12 -12 -12 4.09615 -12 12 -5.14539 -5.39726 12 12 -5.76589 -5.30488 12 -12 -12 3.9961 -12 12 -4.97295 -5.32811 12 12 -5.56925 -5.30511 0 0 0 2.98543 0.78764 0.0685446 0.1819 1.52186 0.265454 0.560179 -0.560282 -0.559422 0.544219 -2.72136 0.398536 -1.26186 -1.41498 3.20511 3.24581 1.62248 1.85242 0.000405521 0.000143388 0.00517703 -0.0334813 0.000841649 -0.000692912 0.198994 0.0852312 0.00794891 0.000474922 -0.491552 -0.435426 0.560106 -0.560284 -0.560173 0.548949 -2.72153 0.398678 -1.28846 -1.42321 3.20389 3.24558 1.68357 1.90379 0.560131 -0.560287 -0.559925 0.547449 -2.72147 0.398625 -1.28021 -1.42127 3.20432 3.24568 1.66566 1.88925 0.560155 -0.560287 -0.559692 0.545967 -2.72141 0.398579 -1.27197 -1.41885 3.2047 3.24576 1.64684 1.87358 0.000612198 -3.57427e-05 0.00607116 -0.0375132 0.00148369 -0.0012556 0.206496 0.0528542 0.0103386 0.0023525 -0.456421 -0.37384 0.000579904 2.43457e-05 0.00569099 -0.0366144 0.00127146 -0.00107814 0.205439 0.0657091 0.00891012 0.00177805 -0.477853 -0.40275 12 -12 -12 3.9961 -12 12 -4.97295 -5.32811 12 12 -5.56925 -5.30511 12 -12 -12 4.02652 -12 11.9169 -4.71165 -5.16815 12 12 -5.2073 -5.15128 0 0 0 2.98348 0.781619 0.0679089 0.187372 1.52571 0.226136 0.560193 -0.560274 -0.559228 0.542958 -2.72133 0.398514 -1.25402 -1.41124 3.20541 3.24581 1.60242 1.83445 0.000325957 0.000231608 0.00463765 -0.0303466 0.00050377 -0.000467677 0.195344 0.0978566 0.00726366 -0.000340321 -0.509841 -0.456984 0.560131 -0.560287 -0.559925 0.547449 -2.72147 0.398625 -1.28021 -1.42127 3.20432 3.24568 1.66566 1.88925 0.560155 -0.560287 -0.559692 0.545967 -2.72141 0.398579 -1.27197 -1.41885 3.2047 3.24576 1.64684 1.87358 0.560179 -0.560282 -0.559422 0.544219 -2.72136 0.398536 -1.26186 -1.41498 3.20511 3.24581 1.62248 1.85242 0.000579904 2.43457e-05 0.00569099 -0.0366144 0.00127146 -0.00107814 0.205439 0.0657091 0.00891012 0.00177805 -0.477853 -0.40275 0.000405521 0.000143388 0.00517703 -0.0334813 0.000841649 -0.000692912 0.198994 0.0852312 0.00794891 0.000474922 -0.491552 -0.435426 12 -12 -12 4.02652 -12 11.9169 -4.71165 -5.16815 12 12 -5.2073 -5.15128 12 -12 -12 4.24528 -12 11.6393 -4.33837 -4.88324 12 12 -4.63028 -4.77823 0 0 0 2.98179 0.775604 0.0674924 0.195987 1.51585 0.175325 0.560204 -0.560264 -0.559059 0.541841 -2.72125 0.398497 -1.24622 -1.40706 3.20569 3.24551 1.58121 1.81572 0.000156034 0.000221568 0.00406826 -0.0254375 0.00695764 -0.000528363 0.189711 0.10925 0.0070934 -0.0283163 -0.533412 -0.47154 0.560155 -0.560287 -0.559692 0.545967 -2.72141 0.398579 -1.27197 -1.41885 3.2047 3.24576 1.64684 1.87358 0.560179 -0.560282 -0.559422 0.544219 -2.72136 0.398536 -1.26186 -1.41498 3.20511 3.24581 1.62248 1.85242 0.560193 -0.560274 -0.559228 0.542958 -2.72133 0.398514 -1.25402 -1.41124 3.20541 3.24581 1.60242 1.83445 0.000405521 0.000143388 0.00517703 -0.0334813 0.000841649 -0.000692912 0.198994 0.0852312 0.00794891 0.000474922 -0.491552 -0.435426 0.000325957 0.000231608 0.00463765 -0.0303466 0.00050377 -0.000467677 0.195344 0.0978566 0.00726366 -0.000340321 -0.509841 -0.456984 12 -12 -12 4.24528 -12 11.6393 -4.33837 -4.88324 12 12 -4.63028 -4.77823 12 -12 -12 4.68917 -11.3557 11.2228 -3.85535 -4.45711 12 12 -3.78712 -4.14729 0 0 0 2.98056 0.769647 0.067439 0.208395 1.48647 0.0819091 0.560195 -0.560262 -0.558903 0.541089 -2.72026 0.398366 -1.23987 -1.40237 3.20552 3.24074 1.55935 1.79698 -0.000540926 -9.33649e-05 0.00382276 -0.0139296 0.0390132 -0.00737852 0.124874 0.121212 -0.0231501 -0.206051 -0.577982 -0.462989 0.560179 -0.560282 -0.559422 0.544219 -2.72136 0.398536 -1.26186 -1.41498 3.20511 3.24581 1.62248 1.85242 0.560193 -0.560274 -0.559228 0.542958 -2.72133 0.398514 -1.25402 -1.41124 3.20541 3.24581 1.60242 1.83445 0.560204 -0.560264 -0.559059 0.541841 -2.72125 0.398497 -1.24622 -1.40706 3.20569 3.24551 1.58121 1.81572 0.000325957 0.000231608 0.00463765 -0.0303466 0.00050377 -0.000467677 0.195344 0.0978566 0.00726366 -0.000340321 -0.509841 -0.456984 0.000156034 0.000221568 0.00406826 -0.0254375 0.00695764 -0.000528363 0.189711 0.10925 0.0070934 -0.0283163 -0.533412 -0.47154 12 -12 -12 4.68917 -11.3557 11.2228 -3.85535 -4.45711 12 12 -3.78712 -4.14729 12 -12 -12 5.4007 -9.85298 10.5969 -3.31832 -3.87101 12 10.6059 -2.67107 -3.20891 0 0 0 2.98005 0.763777 0.067888 0.197532 1.48149 -0.0922601 0.560123 -0.560301 -0.558703 0.540889 -2.7127 0.397631 -1.23906 -1.39703 3.20212 3.21863 1.54787 1.77894 -0.00320666 -0.00213799 0.00674881 0.00192828 0.411624 -0.0293523 -0.0773466 0.147467 -0.154162 -0.97159 0.134611 -0.440852 0.560193 -0.560274 -0.559228 0.542958 -2.72133 0.398514 -1.25402 -1.41124 3.20541 3.24581 1.60242 1.83445 0.560204 -0.560264 -0.559059 0.541841 -2.72125 0.398497 -1.24622 -1.40706 3.20569 3.24551 1.58121 1.81572 0.560195 -0.560262 -0.558903 0.541089 -2.72026 0.398366 -1.23987 -1.40237 3.20552 3.24074 1.55935 1.79698 0.000156034 0.000221568 0.00406826 -0.0254375 0.00695764 -0.000528363 0.189711 0.10925 0.0070934 -0.0283163 -0.533412 -0.47154 -0.000540926 -9.33649e-05 0.00382276 -0.0139296 0.0390132 -0.00737852 0.124874 0.121212 -0.0231501 -0.206051 -0.577982 -0.462989 12 -12 -12 5.4007 -9.85298 10.5969 -3.31832 -3.87101 12 10.6059 -2.67107 -3.20891 12 -12 -12 6.43167 -7.82176 9.65893 -2.57769 -3.17597 11.0506 7.94733 -1.0482 -1.85966
