cmd 0 0 0
base_rpy -3.11496 0.0395978 -0.0170778
projected_gravity -0.0395875 0.0170636 -0.99907
body_omega -1.44916 -4.7508 -0.189216
base_acc -6.25562 -4.34831 36.0779
omega_world -1.56983 -4.71321 -0.165343
base_quat_wxyz 0.999677 -0.00880003 -0.0196814 -0.0134836
base_rot_mat 0.998862 0.0273049 -0.0391129 -0.0266121 0.999481 0.0181251 0.0395875 -0.0170636 0.99907
joint_pos_policy -0.0341214 -0.00373878 -0.142583 0.134526 -0.775061 -0.770616 -0.776342 -0.72621 1.49464 1.48328 1.82066 1.56471
joint_vel_policy -0.168757 -0.174686 -1.94301 1.8495 -0.0805983 -0.0313096 0.607203 0.933931 -0.667274 -0.75248 1.40403 -0.663578
obs_contract cmd:3 base_rpy:3 body_omega:3 joint_pos:12 joint_vel:12 joint_pos_history:36 joint_vel_history:24 action_history:24
parity_build_id 2026-02-16-rpy-from-quat-history-abs-noise0-quat-fallback-rpy-actionhist-zero-delay1-rpy-step0-pi-canonical-neg
base_rpy_mode legacy_xyzw_from_rotmat_step0_pi_canonical_neg
history_frame_push_mode single_first_step
action_history_mode training_parity_zero_seed_delay1
history_seed_file_loaded 0
history_seed_file_used 0
history_seed_file_path none
joint_pos_history -0.0154456 0.0160288 -0.0222097 0.0225225 -0.767019 -0.768334 -0.765859 -0.767202 1.5376 1.53635 1.54786 1.54677 -0.0169234 0.0144708 -0.0264351 0.0251844 -0.76752 -0.768343 -0.770746 -0.768118 1.53592 1.53378 1.5723 1.55349 -0.025081 0.00586306 -0.0639402 0.058218 -0.770595 -0.768835 -0.78602 -0.758151 1.5223 1.51558 1.69881 1.56852
pos_hist -0.0154456 0.0160288 -0.0222097 0.0225225 -0.767019 -0.768334 -0.765859 -0.767202 1.5376 1.53635 1.54786 1.54677 -0.0169234 0.0144708 -0.0264351 0.0251844 -0.76752 -0.768343 -0.770746 -0.768118 1.53592 1.53378 1.5723 1.55349 -0.025081 0.00586306 -0.0639402 0.058218 -0.770595 -0.768835 -0.78602 -0.758151 1.5223 1.51558 1.69881 1.56852
joint_vel_history -0.0960959 -0.101135 -0.285067 0.176968 -0.0319891 -0.000180557 -0.302391 -0.0569164 -0.110741 -0.167963 1.561 0.43867 -0.188284 -0.199776 -1.07336 0.996708 -0.0786033 -0.0201277 -0.198386 0.356643 -0.379932 -0.483298 2.8506 0.240378
vel_hist -0.0960959 -0.101135 -0.285067 0.176968 -0.0319891 -0.000180557 -0.302391 -0.0569164 -0.110741 -0.167963 1.561 0.43867 -0.188284 -0.199776 -1.07336 0.996708 -0.0786033 -0.0201277 -0.198386 0.356643 -0.379932 -0.483298 2.8506 0.240378
action_history 1.62267 -4.30847 -6.11816 10.811 -0.0610975 -2.55409 2.49975 3.14418 -12 -12 6.23657 1.60083 1.77595 -4.47451 -6.3893 11.0421 -0.242811 -2.68182 2.57278 3.25084 -12 -12 6.25117 1.63008
tgt_hist 1.62267 -4.30847 -6.11816 10.811 -0.0610975 -2.55409 2.49975 3.14418 -12 -12 6.23657 1.60083 1.77595 -4.47451 -6.3893 11.0421 -0.242811 -2.68182 2.57278 3.25084 -12 -12 6.25117 1.63008
action_raw 0.674945 -1.33974 -7.15824 2.1965 0.420894 -0.913775 1.20309 1.59844 -12 -12 -1.46697 -2.00903
action_offset 0.168736 -0.334936 -1.78956 0.549125 0.105223 -0.228444 0.300772 0.399609 -3 -3 -0.366742 -0.502258
target_joint_pos_policy 0.153331 -0.318947 -1.81169 0.571568 -0.661747 -0.99673 -0.465093 -0.367594 -1.46239 -1.46364 1.18114 1.04453
target_joint_pos 0.153331 -0.661747 -1.46239 -0.318947 -0.99673 -1.46364 -1.81169 -0.465093 1.18114 0.571568 -0.367594 1.04453
joint_limits_lower -0.51777 -2.6433 0.51876 -0.51777 -2.6433 0.51876 -0.51777 -2.6433 0.51876 -0.51777 -2.6433 0.51876
joint_limits_upper 0.51777 0.31086 2.76408 0.51777 0.31086 2.76408 0.51777 0.31086 2.76408 0.51777 0.31086 2.76408
effort_limits 24 24 36 24 24 36 24 24 36 24 24 36
target_joint_pos_clipped 0.153331 -0.661747 0.51876 -0.318947 -0.99673 0.51876 -0.51777 -0.465093 1.18114 0.51777 -0.367594 1.04453
pd_tau_raw 3.86718 2.32272 -58.6736 -6.18189 -4.50036 -58.4117 -32.022 5.79993 -13.7732 7.44619 6.51857 -9.93909
pd_tau_clipped 3.86718 2.32272 -36 -6.18189 -4.50036 -36 -24 5.79993 -13.7732 7.44619 6.51857 -9.93909
obs_flat 0 0 0 -3.11496 0.0395978 -0.0170778 -1.44916 -4.7508 -0.189216 -0.0341214 -0.00373878 -0.142583 0.134526 -0.775061 -0.770616 -0.776342 -0.72621 1.49464 1.48328 1.82066 1.56471 -0.168757 -0.174686 -1.94301 1.8495 -0.0805983 -0.0313096 0.607203 0.933931 -0.667274 -0.75248 1.40403 -0.663578 -0.0154456 0.0160288 -0.0222097 0.0225225 -0.767019 -0.768334 -0.765859 -0.767202 1.5376 1.53635 1.54786 1.54677 -0.0169234 0.0144708 -0.0264351 0.0251844 -0.76752 -0.768343 -0.770746 -0.768118 1.53592 1.53378 1.5723 1.55349 -0.025081 0.00586306 -0.0639402 0.058218 -0.770595 -0.768835 -0.78602 -0.758151 1.5223 1.51558 1.69881 1.56852 -0.0960959 -0.101135 -0.285067 0.176968 -0.0319891 -0.000180557 -0.302391 -0.0569164 -0.110741 -0.167963 1.561 0.43867 -0.188284 -0.199776 -1.07336 0.996708 -0.0786033 -0.0201277 -0.198386 0.356643 -0.379932 -0.483298 2.8506 0.240378 1.62267 -4.30847 -6.11816 10.811 -0.0610975 -2.55409 2.49975 3.14418 -12 -12 6.23657 1.60083 1.77595 -4.47451 -6.3893 11.0421 -0.242811 -2.68182 2.57278 3.25084 -12 -12 6.25117 1.63008 0 0 0 0 0 0 0 0 0 0 0 0 0 0 0 0 0 0 0 0 0 0 0 0 0 0 0 0 0 0 0 0 0 0 0 0 0 0 0 0 0 0 0 0 0 0 0 0 0 0 0 0 0 0 0 0 0 0 0 0 0 0 0 0 0 0 0 0 0 0 0 0 0 0 0 0 0 0 0 0 0 0 0 0 0 0 0 0 0 0 0 0 0 0 0 0 0 0 0 0 0 0 0 0 0 0 0 0 0 0 0 0 0 0 0 0 0 0 0 0 0 0 0 0 0 0 0 0 0 0 0 0 0 0 0 0 0 0 0 0 0 0 0 0 0 0 0 0 0 0 0 0 0 0 0 0 0 0 0 0 0 0 0 0 0 0 0 0 0 0 0 0 0 0 0 0 0 0 0 0 0 0 0 0 0 0 0 0 0 0 0 0 0 0 0 0 0 0 0 0 0 0 0 0 0 0 0 0 0 0 0 0 0 0 0 0 0 0 0 0 0 0 0 0 0 0 0 0 0 0 0 0 0 0 0 0 0 0 0 0 0 0 0 0 0 0 0 0 0 0 0 0 0 0 0 0 0 0 0 0 0 0 0 0 0 0 0 0 0 0 0 0 0 0 0 0 0 0 0 0 0 0 0 0 0 0 0 0 0 0 0 0 0 0 0 0 0 0 0 0 0 0 0 0 0 0 0 0 0 0 0 0 0 0 0 0 0 0 0 0 0 0 0 0 0 0 0 0 0 0 0 0 0 0 0 0 0 0 0 0 0 0 0 0 0 0 0 0 0 0 0 0 0 0 0 0 0 0 0 0 0 0 0 0 0 0 0 0 0 0 0 0 0 0 0 0 0 0 0 0 0 0 0 0 0 0 0 0 0 0 0 0 0 0 0 0 0 0 0 0 0 0 0 0 0 0 0 0 0 0 0 0 0 0 0 0 0 0 0 0 0 0 0 0 0 0 0 0 0 0 0 0 0 0 0 0 0 0 0 0 0 0 0 0 0 0 0 0 0 0 0 0 0 0 0 0 0 0 0 0 0 0 0 0 0 0 0 0 0 0 0 0 0 0 0 0 0 0 0 0 0 0 0 0 0 0 0 0 0 0 0 0 0 0 0 0 0 0 0 0 0 0 0 0 0 0 0 0 0 0 0 0 0 0 0 0 0 0 0 0 0 0 0 0 0 0 0 0 0 0 0 0 0 0 0 0 0 0 0 0 0 0 0 0 0 0 0 0 0 0 0 0 0 0 0 0 0 0 0 0 0 0 0 0 0 0 0 0 0 0 0 0 0 0 0 0 0 0 0 0 0 0 0 0 0 0 0 0 0 0 0 0 0 0 0 0 0 0 0 0 0 0 0 0 0 0 0 0 0 0 0 0 0 0 0 0 0 0 0 0 0 0 0 0 0 0 0 0 0 0 0 0 0 0 0 0 0 0 0 0 0 0 0 0 0 0 0 0 0 0 0 0 0 0 0 0 0 0 0 0 0 0 0 0 0 0 0 0 0 0 0 0 0 0 0 0 0 0 0 0 0 0 0 0 0 0 0 0 0 0 0 0 0 0 0 0 0 0 0 0 0 0 0 0 0 0 0 0 0 0 0 0 0 0 0 0 0 0 0 0 0 0 0 0 0 0 0 0 0 0 0 0 0 0 0 0 0 0 0 0 0 0 0 0 0 0 0 0 0 0 0 0 0 0 0 0 0 0 0 0 0 0 0 0 0 0 0 0 0 0 0 0 0 0 0 0 0 0 0 0 0 0 0 0 0 0 0 0 0 0 0 0 0 0 0 0 0 0 0 0 0 0 0 0 0 0 0 0 0 0 0 0 0 0 0 0 0 0 0 0 0 0 0 0 0 0 0 0 0 0 0 0 0 0 0 0 0 0 0 0 0 0 0 0 0 0 0 0 0 0 0 0 0 0 0 0 0 0 0 0 0 0 0 0 0 0 0 0 0 0 0 0 0 0 0 0 0 0 0 0 0 0 0 0 0 0 0 0 0 0 0 0 0 0 0 0 0 0 0 0 0 0 0 0 0 0 0 0 0 0 0 0 0 0 0 0 0 0 0 0 0 0 0 0 0 0 0 0 0 0 0 0 0 0 0 0 0 0 0 0 0 0 0 0 0 0 0 0 0 0 0 0 0 0 0 0 0 0 0 0 0 0 0 0 0 0 0 0 0 0 0 0 0 0 0 0 0 0 0 0 0 0 0 0 0 0 0 0 0 0 0 0 0 0 0 0 0 0 0 0 0 0 0 0 0 0 0 0 0 0 0 0 0 0 0 0 0 0 0 0 0 0 0 0 0 0 0 0 0 0 0 0 0 0 0 0 0 0 0 0 0 0 0 0 0 0 0 0 0 0 0 0 0 0 0 0 0 0 0 0 0 0 0 0 0 0 0 0 0 0 0 0 0 0 0 0 0 0 0 0 0 0 0 0 0 0 0 0 0 0 0 0 0 0 0 0 0 0 0 0 0 0 0 0 0 0 0 0 0 0 0 0 0 0 0 0 0 0 0 0 0 0 0 0 0 0 0 0 0 0 0 0 0 0 0 0 0 0 0 0 0 0 0 0 0 0 0 0 0 0 0 0 0 0 0 0 0 0 0 0 0 0 0 0 0 0 0 0 0 0 0 0 0 0 0 0 0 0 0 0 0 0 0 0 0 0 0 0 0 0 0 0 0 0 0 0 0 0 0 0 0 0 0 0 0 0 0 0 0 0 0 0 0 0 0 0 0 0 0 0 0 0 0 0 0 0 0 0 0 0 0 0 0 0 0 0 0 0 0 0 0 0 0 0 0 0 0 0 0 0 0 0 0 0 0 0 0 0 0 0 0 0 0 0 0 0 0 0 0 0 0 0 0 0 0 0 0 0 0 0 0 0 0 0 0 0 0 0 0 0 0 0 0 0 0 0 0 0 0 0 0 0 0 0 0 0 0 0 0 0 0 0 0 0 0 0 0 0 0 0 0 0 0 0 0 0 0 0 0 0 0 0 0 0 0 0 0 0 0 0 0 0 0 0 0 0 0 0 0 0 0 0 0 0 0 0 0 0 0 0 0 0 0 0 0 0 0 0 0 0 0 0 0 0 0 0 0 0 0 0 0 0 0 0 0 0 0 0 0 0 0 0 0 0 0 0 0 0 0 0 0 0 0 0 0 0 0 0 0 0 0 0 0 0 0 0 0 0 0 0 0 0 0 0 0 0 0 0 0 0 0 0 0 0 0 0 0 0 0 0 0 0 0 0 0 0 0 0 0 0 0 0 0 0 0 0 0 0 0 0 0 0 0 0 0 0 0 0 0 0 0 0 0 0 0 0 0 0 0 0 0 0 0 0 0 0 0 0 0 0 0 0 0 0 0 0 0 0 0 0 0 0 0 0 0 0 0 0 0 0 0 0 0 0 0 0 0 0 0 0 0 0 0 0 0 0 0 0 0 0 0 0 0 0 0 0 0 0 0 0 0 0 0 0 0 0 0 0 0 0 0 0 0 0 0 0 0 0 0 0 0 0 0 0 0 0 0 0 0 0 0 0 0 0 0 0 0 0 0 0 0 0 0 0 0 0 0 0 0 0 0 0 0 0 0 0 0 0 0 0 0 0 0 0 0 0 0 0 0 0 0 0 0 0 0 0 0 0 0 0 0 0 0 0 0 0 0 0 0 0 0 0 0 0 0 0 0 0 0 0 0 0 0 0 0 0 0 0 0 0 0 0 0 0 0 0 0 0 0 0 0 0 0 0 0 0 0 0 0 0 0 0 0 0 0 0 0 0 0 0 0 0 0 0 0 0 0 0 0 0 0 0 0 0 0 0 0 0 0 0 0 0 0 0 0 0 0 0 0 0 0 0 0 0 0 0 0 0 0 0 0 0 0 0 0 0 0 0 0 0 0 0 0 0 0 0 0 0 0 0 0 0 0 0 0 0 0 0 0 0 0 0 0 0 0 0 0 0 0 0 0 0 0 0 0 0 0 0 0 0 0 0 0 0 0 0 0 0 0 0 0 0 0 0 0 0 0 0 0 0 0 0 0 0 0 0 0 0 0 0 0 0 0 0 0 0 0 0 0 0 0 0 0 0 0 0 0 0 0 0 0 0 0 0 0 0 0 0 0 0 0 0 0 0 0 0 0 0 0 0 0 0 0 0 0 0 0 0 0 0 0 0 0 0 0 0 0 0 0 0 0 0 0 0 0 0 0 0 0 0 0 0 0 0 0 0 0 0 0 0 0 0 0 0 0 0 0 0 0 0 0 0 0 0 0 0 0 0 0 0 0 0 0 0 0 0 0 0 0 0 0 0 0 0 0 0 0 0 0 0 0 0 0 0 0 0 0 0 0 0 0 0 0 0 0 0 0 0 0 0 0 0 0 0 0 0 0 0 0 0 0 0 0 0 0 0 0 0 0 0 0 0 0 0 0 0 0 0 0 0 0 0 0 0 0 0 0 0 0 0 0 0 0 0 0 0 0 0 0 0 0 0 0 0 0 0 0 0 0 0 0 0 0 0 0 0 0 0 0 0 0 0 0 0 0 0 0 0 0 0 0 0 0 0 0 0 0 0 0 0 0 0 0 0 0 0 0 0 0 0 0 0 0 0 0 0 0 0 0 0 0 0 0 0 0 0 0 0 0 0 0 0 0 0 0 0 0 0 0 0 0 0 0 0 0 0 0 0 0 0 0 0 0 0 0 0 0 0 0 0 0 0 0 0 0 0 0 0 0 0 0 0 0 0 0 0 0 0 0 0 0 0 0 0 0 0 0 0 0 0 0 0 0 0 0 0 0 0 0 0 0 0 0 0 0 0 0 0 0 0 0 0 0 0 0 0 0 0 0 0 0 0 0 0 0 0 0 0 0 0 0 0 0 0 0 0 0 0 0 0 0 0 0 0 0 0 0 0 0 0 0 0 0 0 0 0 0 0 0 0 0 0 0 0 0 0 0 0 0 0 0 0 0 0 0 0 0 0 0 0 0 0 0 0 0 0 0 0 0 0 0 0 0 0 0 0 0 0 0 0 0 0 0 0 0 0 0 0 0 0 0 0 0 0 0 0 0 0 0 0 0 0 0 0 0 0 0 0 0 0 0 0 0 0 0 0 0 0 0 0 0 0 0 0 0 0 0 0 0 0 0 0 0 0 0 0 0 0 0 0 0 0 0 0 0 0 0 0 0 0 0 0 0 0 0 0 0 0 0 0 0 0 0 0 0 0 0 0 0 0 0 0 0 0 0 0 0 0 0 0 0 0 0 0 0 0 0 0 0 0 0 0 0 0 0 0 0 0 0 0 0 0 0 0 0 0 0 0 0 0 0 0 0 0 0 0 0 0 0 0 0 0 0 0 0 0 0 0 0 0 0 0 0 0 0 0 0 0 0 0 0 0 0 0 0 0 0 0 0 0 0 0 0 0 0 0 0 0 0 0 0 0 0 0 0 0 0 0 0 0 0 0 0 0 0 0 0 0 0 0 0 0 0 0 0 0 0 0 0 0 0 0 0 0 0 0 0 0 0 0 0 0 0 0 0 0 0 0 0 0 0 0 0 0 0 0 0 0 0 0 0 0 0 0 0 0 0 0 0 0 0 0 0 0 0 0 0 0 0 0 0 0 0 0 0 0 0 0 0 0 0 0 0 0 0 0 0 0 0 0 0 0 0 0 0 0 0 0 0 0 0 0 0 0 0 0 0 0 0 0 0 0 0 0 0 0 0 0 0 0 0 0 0 0 0 0 0 0 0 0 0 0 0 0 0 0 0 0 0 0 0 0 0 0 0 0 0 0 0 0 0 0 0 0 0 0 0 0 0 0 0 0 0 0 0 0 0 0 0 0 0 0 0 0 0 0 0 0 0 0 0 0 0 0 0 0 0 0 0 0 0 0 0 0 0 0 0 0 0 0 0 0 0 0 0 0 0 0 0 0 0 0 0 0 0 0 0 0 0 0 0 0 0 0 0 0 0 0 0 0 0 0 0 0 0 0 0 0 0 0 0 0 0 0 0 0 0 0 0 0 0 0 0 0 0 0 0 0 0 0 0 0 0 0 0 0 0 0 0 0 0 0 0 0 0 0 0 0 0 0 0 0 0 0 0 0 0 0 0 0 0 0 0 0 0 0 0 0 0 0 0 0 0 0 0 0 0 0 0 0 0 0 0 0 0 0 0 0 0 0 0 0 0 0 0 0 0 0 0 0 0 0 0 0 0 0 0 0 0 0 0 0 0 0 0 0 0 0 0 0 0 0 0 0 0 0 0 0 0 0 0 0 0 0 0 0 0 0 0 0 0 0 0 0 0 0 0 0 0 0 0 0 0 0 0 0 0 0 0 0 0 0 0 0 0 0 0 0 0 0 0 0 0 0 0 0 0 0 0 0 0 0 0 0 0 0 0 0 0 0 0 0 0 0 0 0 0 0 0 0 0 0 0 0 0 0 0 0 0 0 0 0 0 0 0 0 0 0 0 0 0 0 0 0 0 0 0 0 0 0 0 0 0 0 0 0 0 0 0 0 0 0 0 0 0 0 0 0 0 0 0 0 0 0 0 0 0 0 0 0 0 0 0 0 0 0 0 0 0 0 0 0 0 0 0 0 0 0 0 0 0 0 0 0 0 0 0 0 0 0 0 0 0 0 0 0 0 0 0 0 0 0 0 0 0 0 0 0 0 0 0 0 0 0 0 0 0 0 0 0 0 0 0 0 0 0 0 0 0 0 0 0 0 0 0 0 0 0 0 0 0 0 0 0 0 0 0 0 0 0 0 0 0 0 0 0 0 0 0 0 0 0 0 0 0 0 0 0 0 0 0 0 0 0 0 0 0 0 0 0 0 0 0 0 0 0 0 0 0 0 0 0 0 0 0 0 0 0 0 0 0 0 0 0 0 0 0 0 0 0 0 0 0 0 0 0 0 0 0 0 0 0 0 0 0 0 0 0 0 0 0 0 0 0 0 0 0 0 0 0 0 0 0 0 0 0 0 0 0 0 0 0 0 0 0 0 0 0 0 0 0 0 0 0 0 0 0 0 0 0 0 0 0 0 0 0 0 0 0 0 0 0 0 0 0 0 0 0 0 0 0 0 0 0 0 0 0 0 0 0 0 0 0 0 0 0 0 0 0 0 0 0 0 0 0 0 0 0 0 0 0 0 0 0 0 0 0 0 0 0 0 0 0 0 0 0 0 0 0 0 0 0 0 0 0 0 0 0 0 0 0 0 0 0 0 0 0 0 0 0 0 0 0 0 0 0 0 0 0 0 0 0 0 0 0 0 0 0 0 0 0 0 0 0 0 0 0 0 0 0 0 0 0 0 0 0 0 0 0 0 0 0 0 0 0 0 0 0 0 0 0 0 0 0 0 0 0 0 0 0 0 0 0 0 0 0 0 0 0 0 0 0 0 0 0 0 0 0 0 0 0 0 0 0 0 0 0 0 0 0 0 0 0 0 0 0 0 0 0 0 0 0 0 0 0 0 0 0 0 0 0 0 0 0 0 0 0 0 0 0 0 0 0 0 0 0 0 0 0 0 0 0 0 0 0 0 0 0 0 0 0 0 0 0 0 0 0 0 0 0 0 0 0 0 0 0 0 0 0 0 0 0 0 0 0 0 0 0 0 0 0 0 0 0 0 0 0 0 0 0 0 0 0 0 0 0 0 0 0 0 0 0 0 0 0 0 0 0 0 0 0 0 0 0 0 0 0 0 0 0 0 0 0 0 0 0 0 0 0 0 0 0 0 0 0 0 0 0 0 0 0 0 0 0 0 0 0 0 0 0 0 0 0 0 0 0 0 0 0 0 0 0 0 0 0 0 0 0 0 0 0 0 0 0 0 0 0 0 0 0 0 0 0 0 0 0 0 0 0 0 0 0 0 0 0 0 0 0 0 0 0 0 0 0 0 0 0 0 0 0 0 0 0 0 0 0 0 0 0 0 0 0 0 0 0 0 0 0 0 0 0 0 0 0 0 0 0 0 0 0 0 0 0 0 0 0 0 0 0 0 0 0 0 0 0 0 0 0 0 0 0 0 0 0 0 0 0 0 0 0 0 0 0 0 0 0 0 0 0 0 0 0 0 0 0 0 0 0 0 0 0 0 0 0 0 0 0 0 0 0 0 0 0 0 0 0 0 0 0 0 0 0 0 0 0 0 0 0 0 0 0 0 0 0 0 0 0 0 0 0 0 0 0 0 0 0 0 0 0 0 0 0 0 0 0 0 0 0 0 0 0 0 0 0 0 0 0 0 0 0 0 0 0 0 0 0 0 0 0 0 0 0 0 0 0 0 0 0 0 0 0 0 0 0 0 0 0 0 0 0 0 0 0 0 0 0 0 0 0 0 0 0 0 0 0 0 0 0 0 0 0 0 0 0 0 0 0 0 0 0 0 0 0 0 0 0 0 0 0 0 0 0 0 0 0 0 0 0 0 0 0 0 0 0 0 0 0 0 0 0 0 0 0 0 0 0 0 0 0 0 0 0 0 0 0 0 0 0 0 0 0 0 0 0 0 0 0 0 0 0 0 0 0 0 0 0 0 0 0 0 0 0 0 0 0 0 0 0 0 0 0 0 0 0 0 0 0 0 0 0 0 0 0 0 0 0 0 0 0 0 0 0 0 0 0 0 0 0 0 0 0 0 0 0 0 0 0 0 0 0 0 0 0 0 0 0 0 0 0 0 0 0 0 0 0 0 0 0 0 0 0 0 0 0 0 0 0 0 0 0 0 0 0 0 0 0 0 0 0 0 0 0 0 0 0 0 0 0 0 0 0 0 0 0 0 0 0 0 0 0 0 0 0 0 0 0 0 0 0 0 0 0 0 0 0 0 0 0 0 0 0 0 0 0 0 0 0 0 0 0 0 0 0 0 0 0 0 0 0 0 0 0 0 0 0 0 0 0 0 0 0 0 0 0 0 0 0 0 0 0 0 0 0 0 0 0 0 0 0 0 0 0 0 0 0 0 0 0 0 0 0 0 0 0 0 0 0 0 0 0 0 0 0 0 0 0 0 0 0 0 0 0 0 0 0 0 0 0 0 0 0 0 0 0 0 0 0 0 0 0 0 0 0 0 0 0 0 0 0 0 0 0 0 0 0 0 0 0 0 0 0 0 0 0 0 0 0 0 0 0 0 0 0 0 0 0 0 0 0 0 0 0 0 0 0 0 0 0 0 0 0 0 0 0 0 0 0 0 0 0 0 0 0 0 0 0 0 0 0 0 0 0 0 0 0 0 0 0 0 0 0 0 0 0 0 0 0 0 0 0 0 0 0 0 0 0 0 0 0 0 0 0 0 0 0 0 0 0 0 0 0 0 0 0 0 0 0 0 0 0 0 0 0 0 0 0 0 0 0 0 0 0 0 0 0 0 0 0 0 0 0 0 0 0 0 0 0 0 0 0 0 0 0 0 0 0 0 0 0 0 0 0 0 0 0 0 0 0 0 0 0 0 0 0 0 0 0 0 0 0 0 0 0 0 0 0 0 0 0 0 0 0 0 0 0 -3.11643 0.0064217 -0.00044972 -7.66308e-06 9.05777e-06 -2.25002e-05 -0.0154456 0.0160288 -0.0222097 0.0225225 -0.767019 -0.768334 -0.765859 -0.767202 1.5376 1.53635 1.54786 1.54677 -4.81955e-05 4.67627e-05 -8.06083e-05 8.2291e-05 -3.73523e-05 -3.90167e-05 -5.99391e-06 -9.74351e-06 -3.02658e-06 -3.71957e-06 -2.61505e-05 -2.8804e-05 -0.0154456 0.0160288 -0.0222097 0.0225225 -0.767019 -0.768334 -0.765859 -0.767202 1.5376 1.53635 1.54786 1.54677 -0.0154456 0.0160288 -0.0222097 0.0225225 -0.767019 -0.768334 -0.765859 -0.767202 1.5376 1.53635 1.54786 1.54677 -0.0154456 0.0160288 -0.0222097 0.0225225 -0.767019 -0.768334 -0.765859 -0.767202 1.5376 1.53635 1.54786 1.54677 -4.81955e-05 4.67627e-05 -8.06083e-05 8.2291e-05 -3.73523e-05 -3.90167e-05 -5.99391e-06 -9.74351e-06 -3.02658e-06 -3.71957e-06 -2.61505e-05 -2.8804e-05 -4.81955e-05 4.67627e-05 -8.06083e-05 8.2291e-05 -3.73523e-05 -3.90167e-05 -5.99391e-06 -9.74351e-06 -3.02658e-06 -3.71957e-06 -2.61505e-05 -2.8804e-05 0 0 0 0 0 0 0 0 0 0 0 0 0 0 0 0 0 0 0 0 0 0 0 0 0 0 0 -3.11631 0.00787104 -0.00178818 -0.873013 -0.948762 -0.0781345 -0.0169234 0.0144708 -0.0264351 0.0251844 -0.76752 -0.768343 -0.770746 -0.768118 1.53592 1.53378 1.5723 1.55349 -0.0960959 -0.101135 -0.285067 0.176968 -0.0319891 -0.000180557 -0.302391 -0.0569164 -0.110741 -0.167963 1.561 0.43867 -0.0154456 0.0160288 -0.0222097 0.0225225 -0.767019 -0.768334 -0.765859 -0.767202 1.5376 1.53635 1.54786 1.54677 -0.0154456 0.0160288 -0.0222097 0.0225225 -0.767019 -0.768334 -0.765859 -0.767202 1.5376 1.53635 1.54786 1.54677 -0.0154456 0.0160288 -0.0222097 0.0225225 -0.767019 -0.768334 -0.765859 -0.767202 1.5376 1.53635 1.54786 1.54677 -4.81955e-05 4.67627e-05 -8.06083e-05 8.2291e-05 -3.73523e-05 -3.90167e-05 -5.99391e-06 -9.74351e-06 -3.02658e-06 -3.71957e-06 -2.61505e-05 -2.8804e-05 -4.81955e-05 4.67627e-05 -8.06083e-05 8.2291e-05 -3.73523e-05 -3.90167e-05 -5.99391e-06 -9.74351e-06 -3.02658e-06 -3.71957e-06 -2.61505e-05 -2.8804e-05 0 0 0 0 0 0 0 0 0 0 0 0 0 0 0 0 0 0 0 0 0 0 0 0 0 0 0 -3.11566 0.0188593 -0.0091409 -1.69345 -3.00734 -0.170191 -0.025081 0.00586306 -0.0639402 0.058218 -0.770595 -0.768835 -0.78602 -0.758151 1.5223 1.51558 1.69881 1.56852 -0.188284 -0.199776 -1.07336 0.996708 -0.0786033 -0.0201277 -0.198386 0.356643 -0.379932 -0.483298 2.8506 0.240378 -0.0154456 0.0160288 -0.0222097 0.0225225 -0.767019 -0.768334 -0.765859 -0.767202 1.5376 1.53635 1.54786 1.54677 -0.0154456 0.0160288 -0.0222097 0.0225225 -0.767019 -0.768334 -0.765859 -0.767202 1.5376 1.53635 1.54786 1.54677 -0.0169234 0.0144708 -0.0264351 0.0251844 -0.76752 -0.768343 -0.770746 -0.768118 1.53592 1.53378 1.5723 1.55349 -4.81955e-05 4.67627e-05 -8.06083e-05 8.2291e-05 -3.73523e-05 -3.90167e-05 -5.99391e-06 -9.74351e-06 -3.02658e-06 -3.71957e-06 -2.61505e-05 -2.8804e-05 -0.0960959 -0.101135 -0.285067 0.176968 -0.0319891 -0.000180557 -0.302391 -0.0569164 -0.110741 -0.167963 1.561 0.43867 0 0 0 0 0 0 0 0 0 0 0 0 1.62267 -4.30847 -6.11816 10.811 -0.0610975 -2.55409 2.49975 3.14418 -12 -12 6.23657 1.60083 0 0 0 -3.11496 0.0395978 -0.0170778 -1.44916 -4.7508 -0.189216 -0.0341214 -0.00373878 -0.142583 0.134526 -0.775061 -0.770616 -0.776342 -0.72621 1.49464 1.48328 1.82066 1.56471 -0.168757 -0.174686 -1.94301 1.8495 -0.0805983 -0.0313096 0.607203 0.933931 -0.667274 -0.75248 1.40403 -0.663578 -0.0154456 0.0160288 -0.0222097 0.0225225 -0.767019 -0.768334 -0.765859 -0.767202 1.5376 1.53635 1.54786 1.54677 -0.0169234 0.0144708 -0.0264351 0.0251844 -0.76752 -0.768343 -0.770746 -0.768118 1.53592 1.53378 1.5723 1.55349 -0.025081 0.00586306 -0.0639402 0.058218 -0.770595 -0.768835 -0.78602 -0.758151 1.5223 1.51558 1.69881 1.56852 -0.0960959 -0.101135 -0.285067 0.176968 -0.0319891 -0.000180557 -0.302391 -0.0569164 -0.110741 -0.167963 1.561 0.43867 -0.188284 -0.199776 -1.07336 0.996708 -0.0786033 -0.0201277 -0.198386 0.356643 -0.379932 -0.483298 2.8506 0.240378 1.62267 -4.30847 -6.11816 10.811 -0.0610975 -2.55409 2.49975 3.14418 -12 -12 6.23657 1.60083 1.77595 -4.47451 -6.3893 11.0421 -0.242811 -2.68182 2.57278 3.25084 -12 -12 6.25117 1.63008
