cmd 0 0 0
base_rpy 2.63689 0.582532 -0.125905
projected_gravity -0.55014 0.104862 -0.828462
body_omega 0.96642 -0.758243 1.69024
base_acc 8.73963 -5.96919 7.9826
omega_world 0.114181 -0.553834 2.01148
base_quat_wxyz 0.930217 0.0132051 -0.292565 0.221197
base_rot_mat 0.730954 -0.41925 -0.538456 0.403796 0.901795 -0.153997 0.55014 -0.104862 0.828462
joint_pos_policy 0.619164 -0.553465 -0.565308 0.417703 -2.23047 -2.17709 -0.299744 -0.624166 1.45588 3.00504 0.836399 1.02341
joint_vel_policy -0.144597 -0.00837005 0.0187724 0.099015 -2.36415 0.472557 0.128193 -0.441598 2.26462 1.95597 -0.405063 0.159599
obs_contract cmd:3 base_rpy:3 body_omega:3 joint_pos:12 joint_vel:12 joint_pos_history:36 joint_vel_history:24 action_history:24
parity_build_id 2026-02-16-rpy-from-quat-history-abs-noise0-quat-fallback-rpy-actionhist-zero-delay1-rpy-step0-pi-canonical-neg
base_rpy_mode legacy_xyzw_from_rotmat_step0_pi_canonical_neg
history_frame_push_mode single_first_step
action_history_mode training_parity_zero_seed_delay1
history_seed_file_loaded 0
history_seed_file_used 0
history_seed_file_path none
joint_pos_history 0.635372 -0.553165 -0.566988 0.412121 -1.97215 -2.23449 -0.320226 -0.579466 1.17805 2.63788 0.885028 1.00897 0.630464 -0.552995 -0.566626 0.413026 -2.05136 -2.2161 -0.312838 -0.592276 1.26929 2.78341 0.869533 1.01264 0.624929 -0.553162 -0.566015 0.414719 -2.1383 -2.19596 -0.305585 -0.607243 1.36481 2.91476 0.852919 1.01761
pos_hist 0.635372 -0.553165 -0.566988 0.412121 -1.97215 -2.23449 -0.320226 -0.579466 1.17805 2.63788 0.885028 1.00897 0.630464 -0.552995 -0.566626 0.413026 -2.05136 -2.2161 -0.312838 -0.592276 1.26929 2.78341 0.869533 1.01264 0.624929 -0.553162 -0.566015 0.414719 -2.1383 -2.19596 -0.305585 -0.607243 1.36481 2.91476 0.852919 1.01761
joint_vel_history -0.130917 0.000318029 0.0126416 0.0267195 -2.03443 0.478233 0.190874 -0.333264 2.29607 3.67396 -0.406751 0.095896 -0.141743 -0.00577309 0.0160519 0.050662 -2.22996 0.495926 0.170041 -0.396911 2.36325 2.83756 -0.416959 0.134969
vel_hist -0.130917 0.000318029 0.0126416 0.0267195 -2.03443 0.478233 0.190874 -0.333264 2.29607 3.67396 -0.406751 0.095896 -0.141743 -0.00577309 0.0160519 0.050662 -2.22996 0.495926 0.170041 -0.396911 2.36325 2.83756 -0.416959 0.134969
action_history 8.4338 -8.02716 -7.85732 1.90247 -9.09847 -5.53412 -9.1595 -2.20704 2.01479 10.168 -8.55982 -4.20477 9.01965 -8.65846 -8.26333 2.39207 -9.72013 -5.25631 -9.25105 -2.03773 2.43382 10.8342 -8.3533 -3.8153
tgt_hist 8.4338 -8.02716 -7.85732 1.90247 -9.09847 -5.53412 -9.1595 -2.20704 2.01479 10.168 -8.55982 -4.20477 9.01965 -8.65846 -8.26333 2.39207 -9.72013 -5.25631 -9.25105 -2.03773 2.43382 10.8342 -8.3533 -3.8153
action_raw 10.2301 -9.86006 -9.21045 3.51297 -10.8255 -4.53133 -9.13329 -1.436 3.254 11.9665 -7.73433 -2.89241
action_offset 2.55753 -2.46501 -2.30261 0.878242 -2.70637 -1.13283 -2.28332 -0.358999 0.813501 2.99163 -1.93358 -0.723103
target_joint_pos_policy 2.54212 -2.44903 -2.32474 0.900685 -3.47334 -1.90112 -3.04919 -1.1262 2.35111 4.52799 -0.385703 0.823687
target_joint_pos 2.54212 -3.47334 2.35111 -2.44903 -1.90112 4.52799 -2.32474 -3.04919 -0.385703 0.900685 -1.1262 0.823687
joint_limits_lower -0.51777 -2.6433 0.51876 -0.51777 -2.6433 0.51876 -0.51777 -2.6433 0.51876 -0.51777 -2.6433 0.51876
joint_limits_upper 0.51777 0.31086 2.76408 0.51777 0.31086 2.76408 0.51777 0.31086 2.76408 0.51777 0.31086 2.76408
effort_limits 24 24 36 24 24 36 24 24 36 24 24 36
target_joint_pos_clipped 0.51777 -2.6433 2.35111 -0.51777 -1.90112 2.76408 -0.51777 -2.6433 0.51876 0.51777 -1.1262 0.823687
pd_tau_raw 38.5604 -23.2026 16.3194 -37.9054 5.18857 29.0898 -35.2019 -55.0786 -24.1585 9.59033 -9.7316 -4.10619
pd_tau_clipped 24 -23.2026 16.3194 -24 5.18857 29.0898 -24 -24 -24.1585 9.59033 -9.7316 -4.10619
obs_flat 0 0 0 2.63689 0.582532 -0.125905 0.96642 -0.758243 1.69024 0.619164 -0.553465 -0.565308 0.417703 -2.23047 -2.17709 -0.299744 -0.624166 1.45588 3.00504 0.836399 1.02341 -0.144597 -0.00837005 0.0187724 0.099015 -2.36415 0.472557 0.128193 -0.441598 2.26462 1.95597 -0.405063 0.159599 0.635372 -0.553165 -0.566988 0.412121 -1.97215 -2.23449 -0.320226 -0.579466 1.17805 2.63788 0.885028 1.00897 0.630464 -0.552995 -0.566626 0.413026 -2.05136 -2.2161 -0.312838 -0.592276 1.26929 2.78341 0.869533 1.01264 0.624929 -0.553162 -0.566015 0.414719 -2.1383 -2.19596 -0.305585 -0.607243 1.36481 2.91476 0.852919 1.01761 -0.130917 0.000318029 0.0126416 0.0267195 -2.03443 0.478233 0.190874 -0.333264 2.29607 3.67396 -0.406751 0.095896 -0.141743 -0.00577309 0.0160519 0.050662 -2.22996 0.495926 0.170041 -0.396911 2.36325 2.83756 -0.416959 0.134969 8.4338 -8.02716 -7.85732 1.90247 -9.09847 -5.53412 -9.1595 -2.20704 2.01479 10.168 -8.55982 -4.20477 9.01965 -8.65846 -8.26333 2.39207 -9.72013 -5.25631 -9.25105 -2.03773 2.43382 10.8342 -8.3533 -3.8153 0 0 0 2.86273 0.594961 0.0323866 1.57362 3.63269 1.33286 0.348417 -0.540036 -0.56168 0.722081 -1.01524 -1.5248 -0.376085 -0.288923 0.020979 0.0357985 1.74303 0.892968 -1.49469 0.559563 0.00142993 0.0800005 1.15332 0.971282 2.234 1.31598 -0.213415 -0.735567 -2.73838 -1.08548 0.542817 -0.566546 -0.560053 0.64836 -1.15637 -1.65866 -0.634994 -0.507265 0.0850465 0.224447 1.84831 1.01826 0.480386 -0.563361 -0.560819 0.691199 -1.10849 -1.61043 -0.552595 -0.426537 0.0515521 0.131653 1.86862 0.979523 0.41159 -0.558312 -0.561505 0.714011 -1.06179 -1.56598 -0.46565 -0.349198 0.0319904 0.0722264 1.8346 0.93526 -1.66269 0.0854896 -0.0199737 0.856783 1.17874 1.15763 2.13144 2.02646 -0.679992 -1.95119 -0.0326985 -1.06844 -1.70691 0.227716 -0.0137303 0.415688 1.1677 1.09513 2.20436 1.81317 -0.392965 -1.23965 -1.38525 -1.06038 -0.923504 -2.03638 -7.38481 5.901 0.326548 -0.617888 2.49668 3.17042 -12 -12 -1.41148 -4.24094 -0.0343984 -0.680995 -6.14914 1.4926 1.11839 -1.62188 2.65925 0.638671 -12 -12 -3.28752 -4.95953 0 0 0 2.85488 0.580911 0.0330429 0.987641 3.50621 1.62317 0.293512 -0.515549 -0.561305 0.716207 -0.97054 -1.4913 -0.290307 -0.248474 0.0156395 0.0172446 1.61773 0.847731 -1.29821 0.60082 0.013469 -0.307454 1.0834 0.718399 2.09301 0.826097 -0.089479 -0.263712 -3.3791 -1.18929 0.480386 -0.563361 -0.560819 0.691199 -1.10849 -1.61043 -0.552595 -0.426537 0.0515521 0.131653 1.86862 0.979523 0.41159 -0.558312 -0.561505 0.714011 -1.06179 -1.56598 -0.46565 -0.349198 0.0319904 0.0722264 1.8346 0.93526 0.348417 -0.540036 -0.56168 0.722081 -1.01524 -1.5248 -0.376085 -0.288923 0.020979 0.0357985 1.74303 0.892968 -1.70691 0.227716 -0.0137303 0.415688 1.1677 1.09513 2.20436 1.81317 -0.392965 -1.23965 -1.38525 -1.06038 -1.49469 0.559563 0.00142993 0.0800005 1.15332 0.971282 2.234 1.31598 -0.213415 -0.735567 -2.73838 -1.08548 -0.0343984 -0.680995 -6.14914 1.4926 1.11839 -1.62188 2.65925 0.638671 -12 -12 -3.28752 -4.95953 0.266304 -0.343826 -5.3557 -1.11863 0.934502 -2.89273 2.75689 -1.00917 -12 -12 -4.36503 -5.78113 0 0 0 2.84602 0.567874 0.0300579 0.104737 3.14481 1.81807 0.246753 -0.496839 -0.560549 0.692648 -0.931222 -1.48464 -0.212531 -0.229132 0.0147877 0.0554544 1.4756 0.801209 -1.07525 0.309434 0.0214149 -0.7695 0.884869 -0.396549 1.83102 0.24406 0.0282788 2.26289 -3.6276 -1.07211 0.41159 -0.558312 -0.561505 0.714011 -1.06179 -1.56598 -0.46565 -0.349198 0.0319904 0.0722264 1.8346 0.93526 0.348417 -0.540036 -0.56168 0.722081 -1.01524 -1.5248 -0.376085 -0.288923 0.020979 0.0357985 1.74303 0.892968 0.293512 -0.515549 -0.561305 0.716207 -0.97054 -1.4913 -0.290307 -0.248474 0.0156395 0.0172446 1.61773 0.847731 -1.49469 0.559563 0.00142993 0.0800005 1.15332 0.971282 2.234 1.31598 -0.213415 -0.735567 -2.73838 -1.08548 -1.29821 0.60082 0.013469 -0.307454 1.0834 0.718399 2.09301 0.826097 -0.089479 -0.263712 -3.3791 -1.18929 0.266304 -0.343826 -5.3557 -1.11863 0.934502 -2.89273 2.75689 -1.00917 -12 -12 -4.36503 -5.78113 0.534546 -0.313958 -4.73836 -2.74404 0.398018 -4.10112 2.65237 -2.10165 -12 -8.79608 -5.40396 -6.41947 0 0 0 2.83445 0.55423 0.0211213 -0.937687 2.5341 1.90529 0.201266 -0.489623 -0.559254 0.637752 -0.897604 -1.52384 -0.13431 -0.235697 0.0211055 0.199738 1.29615 0.746047 -0.803828 0.0399795 0.0290419 -1.30073 0.509317 -1.24937 1.37377 -0.341759 0.225575 3.88221 -3.56886 -1.21181 0.348417 -0.540036 -0.56168 0.722081 -1.01524 -1.5248 -0.376085 -0.288923 0.020979 0.0357985 1.74303 0.892968 0.293512 -0.515549 -0.561305 0.716207 -0.97054 -1.4913 -0.290307 -0.248474 0.0156395 0.0172446 1.61773 0.847731 0.246753 -0.496839 -0.560549 0.692648 -0.931222 -1.48464 -0.212531 -0.229132 0.0147877 0.0554544 1.4756 0.801209 -1.29821 0.60082 0.013469 -0.307454 1.0834 0.718399 2.09301 0.826097 -0.089479 -0.263712 -3.3791 -1.18929 -1.07525 0.309434 0.0214149 -0.7695 0.884869 -0.396549 1.83102 0.24406 0.0282788 2.26289 -3.6276 -1.07211 0.534546 -0.313958 -4.73836 -2.74404 0.398018 -4.10112 2.65237 -2.10165 -12 -8.79608 -5.40396 -6.41947 1.0181 -0.959967 -4.46417 -3.76669 -1.23192 -5.96437 1.85601 -3.16798 -11.5601 -3.33334 -6.0391 -6.35659 0 0 0 2.82299 0.543581 0.00813775 -1.67107 1.92132 1.93686 0.167535 -0.487999 -0.557606 0.5592 -0.884001 -1.59382 -0.0802501 -0.266772 0.0393613 0.396604 1.12292 0.676179 -0.603025 0.0593854 0.0352372 -1.74113 0.111467 -1.55442 0.897275 -0.77973 0.472101 4.16344 -3.42774 -1.60847 0.293512 -0.515549 -0.561305 0.716207 -0.97054 -1.4913 -0.290307 -0.248474 0.0156395 0.0172446 1.61773 0.847731 0.246753 -0.496839 -0.560549 0.692648 -0.931222 -1.48464 -0.212531 -0.229132 0.0147877 0.0554544 1.4756 0.801209 0.201266 -0.489623 -0.559254 0.637752 -0.897604 -1.52384 -0.13431 -0.235697 0.0211055 0.199738 1.29615 0.746047 -1.07525 0.309434 0.0214149 -0.7695 0.884869 -0.396549 1.83102 0.24406 0.0282788 2.26289 -3.6276 -1.07211 -0.803828 0.0399795 0.0290419 -1.30073 0.509317 -1.24937 1.37377 -0.341759 0.225575 3.88221 -3.56886 -1.21181 1.0181 -0.959967 -4.46417 -3.76669 -1.23192 -5.96437 1.85601 -3.16798 -11.5601 -3.33334 -6.0391 -6.35659 0.899865 -0.850898 -3.96598 -4.14529 -2.02525 -7.19873 0.87451 -3.51685 -9.27656 -0.566047 -6.7247 -6.72882 0 0 0 2.81344 0.537967 -0.00752036 -3.0516 1.13084 2.04683 0.143267 -0.487349 -0.556431 0.506712 -0.890253 -1.65819 -0.0543168 -0.304266 0.0694762 0.560647 0.992502 0.663444 -0.570408 0.0334278 0.0285248 -1.07312 -0.348778 -1.66595 0.496497 -0.967838 1.01755 4.17001 -3.17116 0.215048 0.246753 -0.496839 -0.560549 0.692648 -0.931222 -1.48464 -0.212531 -0.229132 0.0147877 0.0554544 1.4756 0.801209 0.201266 -0.489623 -0.559254 0.637752 -0.897604 -1.52384 -0.13431 -0.235697 0.0211055 0.199738 1.29615 0.746047 0.167535 -0.487999 -0.557606 0.5592 -0.884001 -1.59382 -0.0802501 -0.266772 0.0393613 0.396604 1.12292 0.676179 -0.803828 0.0399795 0.0290419 -1.30073 0.509317 -1.24937 1.37377 -0.341759 0.225575 3.88221 -3.56886 -1.21181 -0.603025 0.0593854 0.0352372 -1.74113 0.111467 -1.55442 0.897275 -0.77973 0.472101 4.16344 -3.42774 -1.60847 0.899865 -0.850898 -3.96598 -4.14529 -2.02525 -7.19873 0.87451 -3.51685 -9.27656 -0.566047 -6.7247 -6.72882 0.513088 -0.470793 -3.73304 -4.51996 -2.46684 -7.54419 0.352273 -4.22207 -7.42999 0.650972 -7.27356 -7.46586 0 0 0 2.80344 0.535273 -0.0298026 -3.74614 0.111852 1.43406 0.118568 -0.485748 -0.554905 0.469507 -0.928082 -1.74584 -0.0475505 -0.353638 0.141648 0.77195 0.843565 0.705278 -0.460968 -0.0132629 0.0311265 -0.584908 -1.07676 -1.83908 -0.120416 -0.977213 1.84957 4.35207 -2.86351 1.11273 0.201266 -0.489623 -0.559254 0.637752 -0.897604 -1.52384 -0.13431 -0.235697 0.0211055 0.199738 1.29615 0.746047 0.167535 -0.487999 -0.557606 0.5592 -0.884001 -1.59382 -0.0802501 -0.266772 0.0393613 0.396604 1.12292 0.676179 0.143267 -0.487349 -0.556431 0.506712 -0.890253 -1.65819 -0.0543168 -0.304266 0.0694762 0.560647 0.992502 0.663444 -0.603025 0.0593854 0.0352372 -1.74113 0.111467 -1.55442 0.897275 -0.77973 0.472101 4.16344 -3.42774 -1.60847 -0.570408 0.0334278 0.0285248 -1.07312 -0.348778 -1.66595 0.496497 -0.967838 1.01755 4.17001 -3.17116 0.215048 0.513088 -0.470793 -3.73304 -4.51996 -2.46684 -7.54419 0.352273 -4.22207 -7.42999 0.650972 -7.27356 -7.46586 0.610583 -0.615976 -3.91251 -4.40752 -3.04386 -7.11097 -0.0073439 -4.9491 -5.12424 1.63132 -7.39162 -7.82451 0 0 0 2.79798 0.535415 -0.050216 -4.78088 -0.196645 1.04581 0.100026 -0.489694 -0.553761 0.449228 -0.985293 -1.82088 -0.0639008 -0.390441 0.236384 0.951782 0.73819 0.755176 -0.469051 -0.130206 0.0273473 -0.475934 -1.53174 -1.8357 -0.558225 -0.88855 2.48372 4.42013 -2.54017 1.29676 0.167535 -0.487999 -0.557606 0.5592 -0.884001 -1.59382 -0.0802501 -0.266772 0.0393613 0.396604 1.12292 0.676179 0.143267 -0.487349 -0.556431 0.506712 -0.890253 -1.65819 -0.0543168 -0.304266 0.0694762 0.560647 0.992502 0.663444 0.118568 -0.485748 -0.554905 0.469507 -0.928082 -1.74584 -0.0475505 -0.353638 0.141648 0.77195 0.843565 0.705278 -0.570408 0.0334278 0.0285248 -1.07312 -0.348778 -1.66595 0.496497 -0.967838 1.01755 4.17001 -3.17116 0.215048 -0.460968 -0.0132629 0.0311265 -0.584908 -1.07676 -1.83908 -0.120416 -0.977213 1.84957 4.35207 -2.86351 1.11273 0.610583 -0.615976 -3.91251 -4.40752 -3.04386 -7.11097 -0.0073439 -4.9491 -5.12424 1.63132 -7.39162 -7.82451 1.16886 -1.07363 -3.95179 -4.11873 -3.68067 -7.20685 -1.07989 -5.08356 -3.90044 2.92501 -7.76006 -7.90112 0 0 0 2.79383 0.536779 -0.0737058 -5.64986 -0.521851 0.752757 0.0814806 -0.496441 -0.552726 0.430944 -1.04941 -1.8897 -0.0953222 -0.423838 0.335174 1.11901 0.641409 0.806942 -0.446242 -0.198618 0.0252077 -0.45009 -1.66474 -1.64915 -0.932194 -0.801634 2.47419 4.03685 -2.3423 1.2724 0.143267 -0.487349 -0.556431 0.506712 -0.890253 -1.65819 -0.0543168 -0.304266 0.0694762 0.560647 0.992502 0.663444 0.118568 -0.485748 -0.554905 0.469507 -0.928082 -1.74584 -0.0475505 -0.353638 0.141648 0.77195 0.843565 0.705278 0.100026 -0.489694 -0.553761 0.449228 -0.985293 -1.82088 -0.0639008 -0.390441 0.236384 0.951782 0.73819 0.755176 -0.460968 -0.0132629 0.0311265 -0.584908 -1.07676 -1.83908 -0.120416 -0.977213 1.84957 4.35207 -2.86351 1.11273 -0.469051 -0.130206 0.0273473 -0.475934 -1.53174 -1.8357 -0.558225 -0.88855 2.48372 4.42013 -2.54017 1.29676 1.16886 -1.07363 -3.95179 -4.11873 -3.68067 -7.20685 -1.07989 -5.08356 -3.90044 2.92501 -7.76006 -7.90112 1.88465 -1.67845 -4.29216 -3.73457 -4.34621 -6.63649 -1.2735 -5.42992 -2.62573 3.91464 -7.55018 -7.90627 0 0 0 2.79084 0.539708 -0.0938258 -3.51345 -0.892636 0.540369 0.072572 -0.497092 -0.55254 0.419318 -1.11871 -1.94793 -0.14007 -0.455515 0.433647 1.2635 0.593076 0.857848 -0.018993 0.182397 -0.0131954 -0.146726 -1.78431 -1.26084 -1.16883 -0.800198 2.55144 3.19169 -0.278793 1.28875 0.118568 -0.485748 -0.554905 0.469507 -0.928082 -1.74584 -0.0475505 -0.353638 0.141648 0.77195 0.843565 0.705278 0.100026 -0.489694 -0.553761 0.449228 -0.985293 -1.82088 -0.0639008 -0.390441 0.236384 0.951782 0.73819 0.755176 0.0814806 -0.496441 -0.552726 0.430944 -1.04941 -1.8897 -0.0953222 -0.423838 0.335174 1.11901 0.641409 0.806942 -0.469051 -0.130206 0.0273473 -0.475934 -1.53174 -1.8357 -0.558225 -0.88855 2.48372 4.42013 -2.54017 1.29676 -0.446242 -0.198618 0.0252077 -0.45009 -1.66474 -1.64915 -0.932194 -0.801634 2.47419 4.03685 -2.3423 1.2724 1.88465 -1.67845 -4.29216 -3.73457 -4.34621 -6.63649 -1.2735 -5.42992 -2.62573 3.91464 -7.55018 -7.90627 2.5515 -2.03687 -4.3965 -3.23456 -4.42253 -6.3058 -2.09145 -5.42747 -2.08317 4.03623 -7.725 -7.84379 0 0 0 2.78703 0.542554 -0.10415 -1.38733 -0.638595 0.944693 0.0840041 -0.480003 -0.553717 0.419452 -1.18648 -1.98142 -0.183583 -0.486706 0.528919 1.35634 0.614744 0.907388 0.445013 0.590969 -0.0371272 0.0680782 -1.59459 -0.438148 -1.00776 -0.757142 2.27626 1.44649 0.885713 1.18528 0.100026 -0.489694 -0.553761 0.449228 -0.985293 -1.82088 -0.0639008 -0.390441 0.236384 0.951782 0.73819 0.755176 0.0814806 -0.496441 -0.552726 0.430944 -1.04941 -1.8897 -0.0953222 -0.423838 0.335174 1.11901 0.641409 0.806942 0.072572 -0.497092 -0.55254 0.419318 -1.11871 -1.94793 -0.14007 -0.455515 0.433647 1.2635 0.593076 0.857848 -0.446242 -0.198618 0.0252077 -0.45009 -1.66474 -1.64915 -0.932194 -0.801634 2.47419 4.03685 -2.3423 1.2724 -0.018993 0.182397 -0.0131954 -0.146726 -1.78431 -1.26084 -1.16883 -0.800198 2.55144 3.19169 -0.278793 1.28875 2.5515 -2.03687 -4.3965 -3.23456 -4.42253 -6.3058 -2.09145 -5.42747 -2.08317 4.03623 -7.725 -7.84379 2.82296 -2.04644 -4.80096 -2.93855 -3.83232 -4.89592 -1.21429 -5.71127 -1.07405 3.01151 -7.05603 -8.13377 0 0 0 2.78104 0.543246 -0.109622 -0.210041 -0.141046 1.41033 0.107372 -0.451661 -0.555426 0.424522 -1.23889 -1.97836 -0.21763 -0.514332 0.606288 1.36927 0.660931 0.949479 0.626117 0.7337 -0.0435827 0.153908 -1.05851 0.414505 -0.773621 -0.64881 1.57398 -0.527663 1.27511 0.966714 0.0814806 -0.496441 -0.552726 0.430944 -1.04941 -1.8897 -0.0953222 -0.423838 0.335174 1.11901 0.641409 0.806942 0.072572 -0.497092 -0.55254 0.419318 -1.11871 -1.94793 -0.14007 -0.455515 0.433647 1.2635 0.593076 0.857848 0.0840041 -0.480003 -0.553717 0.419452 -1.18648 -1.98142 -0.183583 -0.486706 0.528919 1.35634 0.614744 0.907388 -0.018993 0.182397 -0.0131954 -0.146726 -1.78431 -1.26084 -1.16883 -0.800198 2.55144 3.19169 -0.278793 1.28875 0.445013 0.590969 -0.0371272 0.0680782 -1.59459 -0.438148 -1.00776 -0.757142 2.27626 1.44649 0.885713 1.18528 2.82296 -2.04644 -4.80096 -2.93855 -3.83232 -4.89592 -1.21429 -5.71127 -1.07405 3.01151 -7.05603 -8.13377 2.23902 -1.79006 -5.13025 -2.58597 -1.80038 -2.95911 0.187412 -5.10569 -0.273019 -0.107565 -5.51419 -7.77995 0 0 0 2.77377 0.541994 -0.112548 0.443143 0.21408 1.64763 0.133615 -0.424998 -0.557038 0.431727 -1.26686 -1.94863 -0.243441 -0.536903 0.653174 1.31508 0.713875 0.982069 0.630442 0.602104 -0.0348604 0.208149 -0.311635 0.946387 -0.592168 -0.514081 0.435411 -1.96945 1.3444 0.727782 0.072572 -0.497092 -0.55254 0.419318 -1.11871 -1.94793 -0.14007 -0.455515 0.433647 1.2635 0.593076 0.857848 0.0840041 -0.480003 -0.553717 0.419452 -1.18648 -1.98142 -0.183583 -0.486706 0.528919 1.35634 0.614744 0.907388 0.107372 -0.451661 -0.555426 0.424522 -1.23889 -1.97836 -0.21763 -0.514332 0.606288 1.36927 0.660931 0.949479 0.445013 0.590969 -0.0371272 0.0680782 -1.59459 -0.438148 -1.00776 -0.757142 2.27626 1.44649 0.885713 1.18528 0.626117 0.7337 -0.0435827 0.153908 -1.05851 0.414505 -0.773621 -0.64881 1.57398 -0.527663 1.27511 0.966714 2.23902 -1.79006 -5.13025 -2.58597 -1.80038 -2.95911 0.187412 -5.10569 -0.273019 -0.107565 -5.51419 -7.77995 2.28667 -2.23103 -5.30407 -0.770285 0.167089 -2.43542 -0.0515976 -3.24607 -0.662951 -3.0086 -4.46691 -5.89686 0 0 0 2.76616 0.54039 -0.113358 1.04458 0.0901968 1.66358 0.157455 -0.406917 -0.557871 0.443221 -1.25632 -1.89901 -0.265916 -0.55342 0.627525 1.19373 0.769673 1.00539 0.533719 0.381501 -0.0103452 0.384831 0.817766 1.56372 -0.612743 -0.331085 -1.91899 -4.16605 1.54554 0.48226 0.0840041 -0.480003 -0.553717 0.419452 -1.18648 -1.98142 -0.183583 -0.486706 0.528919 1.35634 0.614744 0.907388 0.107372 -0.451661 -0.555426 0.424522 -1.23889 -1.97836 -0.21763 -0.514332 0.606288 1.36927 0.660931 0.949479 0.133615 -0.424998 -0.557038 0.431727 -1.26686 -1.94863 -0.243441 -0.536903 0.653174 1.31508 0.713875 0.982069 0.626117 0.7337 -0.0435827 0.153908 -1.05851 0.414505 -0.773621 -0.64881 1.57398 -0.527663 1.27511 0.966714 0.630442 0.602104 -0.0348604 0.208149 -0.311635 0.946387 -0.592168 -0.514081 0.435411 -1.96945 1.3444 0.727782 2.28667 -2.23103 -5.30407 -0.770285 0.167089 -2.43542 -0.0515976 -3.24607 -0.662951 -3.0086 -4.46691 -5.89686 2.47951 -2.41712 -5.20658 1.81289 1.55949 -2.75314 -0.423293 -0.698438 -3.12703 -5.67805 -3.53789 -3.7505 0 0 0 2.75874 0.540627 -0.110412 2.15686 -0.421365 1.48444 0.178167 -0.397665 -0.557578 0.471157 -1.19443 -1.81822 -0.295635 -0.558105 0.480931 0.957884 0.847418 1.01658 0.560704 0.122581 0.017031 0.945366 1.80196 2.16251 -0.830714 0.0390308 -4.25636 -6.57569 2.3421 0.14719 0.107372 -0.451661 -0.555426 0.424522 -1.23889 -1.97836 -0.21763 -0.514332 0.606288 1.36927 0.660931 0.949479 0.133615 -0.424998 -0.557038 0.431727 -1.26686 -1.94863 -0.243441 -0.536903 0.653174 1.31508 0.713875 0.982069 0.157455 -0.406917 -0.557871 0.443221 -1.25632 -1.89901 -0.265916 -0.55342 0.627525 1.19373 0.769673 1.00539 0.630442 0.602104 -0.0348604 0.208149 -0.311635 0.946387 -0.592168 -0.514081 0.435411 -1.96945 1.3444 0.727782 0.533719 0.381501 -0.0103452 0.384831 0.817766 1.56372 -0.612743 -0.331085 -1.91899 -4.16605 1.54554 0.48226 2.47951 -2.41712 -5.20658 1.81289 1.55949 -2.75314 -0.423293 -0.698438 -3.12703 -5.67805 -3.53789 -3.7505 2.4203 -2.73899 -5.28123 5.72373 2.9391 -1.75861 0.961551 2.05883 -7.51478 -11.1725 -0.569213 -1.68158 0 0 0 2.75247 0.545038 -0.097101 3.40387 -1.17446 0.679693 0.208176 -0.408311 -0.556131 0.543605 -1.12985 -1.71881 -0.33743 -0.54239 0.324905 0.625856 0.975991 1.01535 0.572699 -0.575295 0.0275443 1.53886 1.00618 1.74303 -0.798564 0.513675 -2.4939 -6.32188 2.76056 -0.0735724 0.133615 -0.424998 -0.557038 0.431727 -1.26686 -1.94863 -0.243441 -0.536903 0.653174 1.31508 0.713875 0.982069 0.157455 -0.406917 -0.557871 0.443221 -1.25632 -1.89901 -0.265916 -0.55342 0.627525 1.19373 0.769673 1.00539 0.178167 -0.397665 -0.557578 0.471157 -1.19443 -1.81822 -0.295635 -0.558105 0.480931 0.957884 0.847418 1.01658 0.533719 0.381501 -0.0103452 0.384831 0.817766 1.56372 -0.612743 -0.331085 -1.91899 -4.16605 1.54554 0.48226 0.560704 0.122581 0.017031 0.945366 1.80196 2.16251 -0.830714 0.0390308 -4.25636 -6.57569 2.3421 0.14719 2.4203 -2.73899 -5.28123 5.72373 2.9391 -1.75861 0.961551 2.05883 -7.51478 -11.1725 -0.569213 -1.68158 2.11738 -2.83483 -5.80953 9.17656 2.54117 -2.29466 2.74466 3.59425 -12 -12 1.65858 -1.08049 0 0 0 2.75007 0.54884 -0.0882733 2.04955 -0.832268 0.271617 0.226277 -0.449689 -0.555459 0.59127 -1.09952 -1.66415 -0.361892 -0.512823 0.247593 0.405686 1.08575 1.0144 0.390657 -1.24025 0.0105879 1.00513 0.632034 1.07952 -0.458467 0.925865 -1.6418 -4.748 2.5979 -0.144851 0.157455 -0.406917 -0.557871 0.443221 -1.25632 -1.89901 -0.265916 -0.55342 0.627525 1.19373 0.769673 1.00539 0.178167 -0.397665 -0.557578 0.471157 -1.19443 -1.81822 -0.295635 -0.558105 0.480931 0.957884 0.847418 1.01658 0.208176 -0.408311 -0.556131 0.543605 -1.12985 -1.71881 -0.33743 -0.54239 0.324905 0.625856 0.975991 1.01535 0.560704 0.122581 0.017031 0.945366 1.80196 2.16251 -0.830714 0.0390308 -4.25636 -6.57569 2.3421 0.14719 0.572699 -0.575295 0.0275443 1.53886 1.00618 1.74303 -0.798564 0.513675 -2.4939 -6.32188 2.76056 -0.0735724 2.11738 -2.83483 -5.80953 9.17656 2.54117 -2.29466 2.74466 3.59425 -12 -12 1.65858 -1.08049 1.35193 -3.47455 -7.177 12 0.876247 -3.27706 3.91208 5.10041 -12 -12 2.72093 -0.955308 0 0 0 2.74933 0.551056 -0.0815751 1.1461 -0.162994 0.0269633 0.241487 -0.515127 -0.555372 0.626916 -1.07674 -1.6289 -0.368159 -0.449344 0.18646 0.231669 1.19173 0.991753 0.259592 -1.18913 -0.00223057 0.544479 0.365051 0.564577 0.130968 1.49116 -0.992824 -2.78016 1.61351 -0.754546 0.178167 -0.397665 -0.557578 0.471157 -1.19443 -1.81822 -0.295635 -0.558105 0.480931 0.957884 0.847418 1.01658 0.208176 -0.408311 -0.556131 0.543605 -1.12985 -1.71881 -0.33743 -0.54239 0.324905 0.625856 0.975991 1.01535 0.226277 -0.449689 -0.555459 0.59127 -1.09952 -1.66415 -0.361892 -0.512823 0.247593 0.405686 1.08575 1.0144 0.572699 -0.575295 0.0275443 1.53886 1.00618 1.74303 -0.798564 0.513675 -2.4939 -6.32188 2.76056 -0.0735724 0.390657 -1.24025 0.0105879 1.00513 0.632034 1.07952 -0.458467 0.925865 -1.6418 -4.748 2.5979 -0.144851 1.35193 -3.47455 -7.177 12 0.876247 -3.27706 3.91208 5.10041 -12 -12 2.72093 -0.955308 0.202843 -3.41723 -8.03121 11.5824 -0.364269 -2.75451 3.62631 5.64924 -12 -12 1.99434 -1.76016 0 0 0 2.74915 0.550437 -0.0775388 1.06902 0.356429 0.109611 0.250536 -0.548532 -0.555504 0.642059 -1.06503 -1.60755 -0.352546 -0.384384 0.154645 0.145701 1.23163 0.954045 0.213463 -0.529152 -0.00277355 0.287192 0.26287 0.564372 0.570311 1.67143 -0.698326 -1.82441 0.474259 -1.06265 0.208176 -0.408311 -0.556131 0.543605 -1.12985 -1.71881 -0.33743 -0.54239 0.324905 0.625856 0.975991 1.01535 0.226277 -0.449689 -0.555459 0.59127 -1.09952 -1.66415 -0.361892 -0.512823 0.247593 0.405686 1.08575 1.0144 0.241487 -0.515127 -0.555372 0.626916 -1.07674 -1.6289 -0.368159 -0.449344 0.18646 0.231669 1.19173 0.991753 0.390657 -1.24025 0.0105879 1.00513 0.632034 1.07952 -0.458467 0.925865 -1.6418 -4.748 2.5979 -0.144851 0.259592 -1.18913 -0.00223057 0.544479 0.365051 0.564577 0.130968 1.49116 -0.992824 -2.78016 1.61351 -0.754546 0.202843 -3.41723 -8.03121 11.5824 -0.364269 -2.75451 3.62631 5.64924 -12 -12 1.99434 -1.76016 -0.578715 -2.52906 -7.70221 9.49653 -0.409969 -1.88036 3.03789 5.12248 -12 -12 0.347269 -3.03519 0 0 0 2.74784 0.54792 -0.0727657 1.44456 0.702897 0.421696 0.259121 -0.54656 -0.555456 0.648245 -1.05536 -1.58246 -0.318473 -0.323637 0.130655 0.0895562 1.21084 0.912682 0.210634 0.3232 0.00351656 0.0843797 0.226486 0.652969 0.932477 1.42924 -0.548952 -1.18357 -0.860399 -1.01452 0.226277 -0.449689 -0.555459 0.59127 -1.09952 -1.66415 -0.361892 -0.512823 0.247593 0.405686 1.08575 1.0144 0.241487 -0.515127 -0.555372 0.626916 -1.07674 -1.6289 -0.368159 -0.449344 0.18646 0.231669 1.19173 0.991753 0.250536 -0.548532 -0.555504 0.642059 -1.06503 -1.60755 -0.352546 -0.384384 0.154645 0.145701 1.23163 0.954045 0.259592 -1.18913 -0.00223057 0.544479 0.365051 0.564577 0.130968 1.49116 -0.992824 -2.78016 1.61351 -0.754546 0.213463 -0.529152 -0.00277355 0.287192 0.26287 0.564372 0.570311 1.67143 -0.698326 -1.82441 0.474259 -1.06265 -0.578715 -2.52906 -7.70221 9.49653 -0.409969 -1.88036 3.03789 5.12248 -12 -12 0.347269 -3.03519 -0.752057 -1.14349 -6.96774 5.91306 0.228936 -1.27644 2.41666 3.94287 -12 -12 -1.63864 -3.92626 0 0 0 2.74557 0.544735 -0.0685193 1.20339 0.768774 0.613138 0.266735 -0.524019 -0.555211 0.646216 -1.04743 -1.55708 -0.280078 -0.274209 0.11132 0.0541318 1.16399 0.875979 0.170229 0.619844 0.00700407 -0.17241 0.18057 0.580036 0.979306 1.07238 -0.447481 -0.710637 -1.42662 -0.81166 0.241487 -0.515127 -0.555372 0.626916 -1.07674 -1.6289 -0.368159 -0.449344 0.18646 0.231669 1.19173 0.991753 0.250536 -0.548532 -0.555504 0.642059 -1.06503 -1.60755 -0.352546 -0.384384 0.154645 0.145701 1.23163 0.954045 0.259121 -0.54656 -0.555456 0.648245 -1.05536 -1.58246 -0.318473 -0.323637 0.130655 0.0895562 1.21084 0.912682 0.213463 -0.529152 -0.00277355 0.287192 0.26287 0.564372 0.570311 1.67143 -0.698326 -1.82441 0.474259 -1.06265 0.210634 0.3232 0.00351656 0.0843797 0.226486 0.652969 0.932477 1.42924 -0.548952 -1.18357 -0.860399 -1.01452 -0.752057 -1.14349 -6.96774 5.91306 0.228936 -1.27644 2.41666 3.94287 -12 -12 -1.63864 -3.92626 0.00122822 -0.247754 -6.35386 2.03073 1.03714 -1.85851 2.33548 1.87797 -12 -12 -3.1903 -4.49173 0 0 0 2.74259 0.541636 -0.0670215 0.426912 0.679891 0.726902 0.271743 -0.501261 -0.554882 0.630047 -1.04157 -1.54202 -0.242621 -0.241233 0.0955482 0.0426868 1.09696 0.846322 0.0937974 0.462934 0.00879211 -0.562441 0.121882 0.180745 0.906306 0.671316 -0.360614 0.0616078 -1.85392 -0.717866 0.250536 -0.548532 -0.555504 0.642059 -1.06503 -1.60755 -0.352546 -0.384384 0.154645 0.145701 1.23163 0.954045 0.259121 -0.54656 -0.555456 0.648245 -1.05536 -1.58246 -0.318473 -0.323637 0.130655 0.0895562 1.21084 0.912682 0.266735 -0.524019 -0.555211 0.646216 -1.04743 -1.55708 -0.280078 -0.274209 0.11132 0.0541318 1.16399 0.875979 0.210634 0.3232 0.00351656 0.0843797 0.226486 0.652969 0.932477 1.42924 -0.548952 -1.18357 -0.860399 -1.01452 0.170229 0.619844 0.00700407 -0.17241 0.18057 0.580036 0.979306 1.07238 -0.447481 -0.710637 -1.42662 -0.81166 0.00122822 -0.247754 -6.35386 2.03073 1.03714 -1.85851 2.33548 1.87797 -12 -12 -3.1903 -4.49173 0.942606 -0.454371 -5.58927 -1.28598 0.786386 -3.39868 1.74616 0.0242565 -12 -11.348 -4.44083 -4.85213 0 0 0 2.73841 0.53882 -0.0703693 -0.675672 0.358679 0.749757 0.273914 -0.492345 -0.554335 0.587028 -1.03857 -1.57125 -0.204381 -0.222094 0.0808787 0.129338 0.995429 0.809635 0.0197045 -0.0379474 0.0125682 -1.05182 0.00736044 -1.16049 0.646582 0.186235 -0.244486 3.00402 -2.13856 -0.757466 0.259121 -0.54656 -0.555456 0.648245 -1.05536 -1.58246 -0.318473 -0.323637 0.130655 0.0895562 1.21084 0.912682 0.266735 -0.524019 -0.555211 0.646216 -1.04743 -1.55708 -0.280078 -0.274209 0.11132 0.0541318 1.16399 0.875979 0.271743 -0.501261 -0.554882 0.630047 -1.04157 -1.54202 -0.242621 -0.241233 0.0955482 0.0426868 1.09696 0.846322 0.170229 0.619844 0.00700407 -0.17241 0.18057 0.580036 0.979306 1.07238 -0.447481 -0.710637 -1.42662 -0.81166 0.0937974 0.462934 0.00879211 -0.562441 0.121882 0.180745 0.906306 0.671316 -0.360614 0.0616078 -1.85392 -0.717866 0.942606 -0.454371 -5.58927 -1.28598 0.786386 -3.39868 1.74616 0.0242565 -12 -11.348 -4.44083 -4.85213 1.37774 -0.951434 -4.80221 -2.64633 0.00302245 -5.15921 1.19686 -0.844442 -12 -6.58498 -5.34946 -5.15281 0 0 0 2.73515 0.538241 -0.076586 -1.39391 -0.126753 0.650316 0.27485 -0.502071 -0.553733 0.536902 -1.04274 -1.63633 -0.187002 -0.224833 0.0750476 0.286667 0.91143 0.778901 0.0492267 -0.426603 0.0164591 -1.36179 -0.221818 -2.16302 0.274265 -0.245627 -0.0378942 5.17975 -2.03856 -0.749795 0.266735 -0.524019 -0.555211 0.646216 -1.04743 -1.55708 -0.280078 -0.274209 0.11132 0.0541318 1.16399 0.875979 0.271743 -0.501261 -0.554882 0.630047 -1.04157 -1.54202 -0.242621 -0.241233 0.0955482 0.0426868 1.09696 0.846322 0.273914 -0.492345 -0.554335 0.587028 -1.03857 -1.57125 -0.204381 -0.222094 0.0808787 0.129338 0.995429 0.809635 0.0937974 0.462934 0.00879211 -0.562441 0.121882 0.180745 0.906306 0.671316 -0.360614 0.0616078 -1.85392 -0.717866 0.0197045 -0.0379474 0.0125682 -1.05182 0.00736044 -1.16049 0.646582 0.186235 -0.244486 3.00402 -2.13856 -0.757466 1.37774 -0.951434 -4.80221 -2.64633 0.00302245 -5.15921 1.19686 -0.844442 -12 -6.58498 -5.34946 -5.15281 1.65704 -1.60801 -4.2985 -3.16682 -1.28281 -6.93577 0.220537 -1.64606 -12 -2.1646 -6.14081 -5.43013 0 0 0 2.73225 0.539998 -0.0849722 -1.89311 -0.697725 0.55161 0.279186 -0.523628 -0.552986 0.476461 -1.05921 -1.72646 -0.185579 -0.245083 0.0797106 0.492473 0.832245 0.746249 0.14909 -0.586693 0.0197027 -1.59095 -0.530038 -2.35298 -0.0876153 -0.642875 0.215486 5.2784 -1.9963 -0.942141 0.271743 -0.501261 -0.554882 0.630047 -1.04157 -1.54202 -0.242621 -0.241233 0.0955482 0.0426868 1.09696 0.846322 0.273914 -0.492345 -0.554335 0.587028 -1.03857 -1.57125 -0.204381 -0.222094 0.0808787 0.129338 0.995429 0.809635 0.27485 -0.502071 -0.553733 0.536902 -1.04274 -1.63633 -0.187002 -0.224833 0.0750476 0.286667 0.91143 0.778901 0.0197045 -0.0379474 0.0125682 -1.05182 0.00736044 -1.16049 0.646582 0.186235 -0.244486 3.00402 -2.13856 -0.757466 0.0492267 -0.426603 0.0164591 -1.36179 -0.221818 -2.16302 0.274265 -0.245627 -0.0378942 5.17975 -2.03856 -0.749795 1.65704 -1.60801 -4.2985 -3.16682 -1.28281 -6.93577 0.220537 -1.64606 -12 -2.1646 -6.14081 -5.43013 1.91404 -2.37673 -4.11002 -3.13408 -3.09799 -8.18049 -0.925428 -2.89273 -8.92782 1.99562 -6.40309 -5.6397 0 0 0 2.72918 0.544473 -0.0931785 -1.18225 -1.59942 0.552138 0.291352 -0.541484 -0.552241 0.418597 -1.08939 -1.82131 -0.197669 -0.280531 0.097227 0.700335 0.766842 0.717708 0.465264 -0.370797 0.0137841 -1.10879 -0.958293 -2.42605 -0.458767 -1.00805 0.737004 5.2351 -1.00273 -0.172065 0.273914 -0.492345 -0.554335 0.587028 -1.03857 -1.57125 -0.204381 -0.222094 0.0808787 0.129338 0.995429 0.809635 0.27485 -0.502071 -0.553733 0.536902 -1.04274 -1.63633 -0.187002 -0.224833 0.0750476 0.286667 0.91143 0.778901 0.279186 -0.523628 -0.552986 0.476461 -1.05921 -1.72646 -0.185579 -0.245083 0.0797106 0.492473 0.832245 0.746249 0.0492267 -0.426603 0.0164591 -1.36179 -0.221818 -2.16302 0.274265 -0.245627 -0.0378942 5.17975 -2.03856 -0.749795 0.14909 -0.586693 0.0197027 -1.59095 -0.530038 -2.35298 -0.0876153 -0.642875 0.215486 5.2784 -1.9963 -0.942141 1.91404 -2.37673 -4.11002 -3.13408 -3.09799 -8.18049 -0.925428 -2.89273 -8.92782 1.99562 -6.40309 -5.6397 1.78514 -2.32932 -4.19305 -3.33357 -3.81087 -8.45405 -1.24748 -4.04519 -7.22314 3.17118 -6.80689 -6.43659 0 0 0 2.72545 0.551979 -0.0972594 -0.234783 -2.03169 0.678811 0.320196 -0.552326 -0.552249 0.393198 -1.1455 -1.91571 -0.221307 -0.323253 0.162779 0.904251 0.75888 0.736801 0.842915 -0.218085 -0.00906296 -0.412475 -1.60028 -2.26979 -0.629246 -1.08233 2.03392 4.94453 0.156411 0.7707 0.27485 -0.502071 -0.553733 0.536902 -1.04274 -1.63633 -0.187002 -0.224833 0.0750476 0.286667 0.91143 0.778901 0.279186 -0.523628 -0.552986 0.476461 -1.05921 -1.72646 -0.185579 -0.245083 0.0797106 0.492473 0.832245 0.746249 0.291352 -0.541484 -0.552241 0.418597 -1.08939 -1.82131 -0.197669 -0.280531 0.097227 0.700335 0.766842 0.717708 0.14909 -0.586693 0.0197027 -1.59095 -0.530038 -2.35298 -0.0876153 -0.642875 0.215486 5.2784 -1.9963 -0.942141 0.465264 -0.370797 0.0137841 -1.10879 -0.958293 -2.42605 -0.458767 -1.00805 0.737004 5.2351 -1.00273 -0.172065 1.78514 -2.32932 -4.19305 -3.33357 -3.81087 -8.45405 -1.24748 -4.04519 -7.22314 3.17118 -6.80689 -6.43659 2.16624 -2.67933 -4.80084 -3.15857 -4.70205 -7.99599 -1.55833 -5.04098 -5.13949 4.29598 -7.00056 -6.91903 0 0 0 2.71935 0.561185 -0.0998698 0.286791 -1.83413 0.921663 0.369541 -0.559254 -0.553365 0.385607 -1.23164 -2.0204 -0.251502 -0.375863 0.270925 1.14166 0.783769 0.790039 1.11084 -0.0945802 -0.0295213 -0.0245576 -1.92186 -2.03291 -0.582632 -1.01486 2.56305 4.82657 0.654997 1.17976 0.279186 -0.523628 -0.552986 0.476461 -1.05921 -1.72646 -0.185579 -0.245083 0.0797106 0.492473 0.832245 0.746249 0.291352 -0.541484 -0.552241 0.418597 -1.08939 -1.82131 -0.197669 -0.280531 0.097227 0.700335 0.766842 0.717708 0.320196 -0.552326 -0.552249 0.393198 -1.1455 -1.91571 -0.221307 -0.323253 0.162779 0.904251 0.75888 0.736801 0.465264 -0.370797 0.0137841 -1.10879 -0.958293 -2.42605 -0.458767 -1.00805 0.737004 5.2351 -1.00273 -0.172065 0.842915 -0.218085 -0.00906296 -0.412475 -1.60028 -2.26979 -0.629246 -1.08233 2.03392 4.94453 0.156411 0.7707 2.16624 -2.67933 -4.80084 -3.15857 -4.70205 -7.99599 -1.55833 -5.04098 -5.13949 4.29598 -7.00056 -6.91903 2.31668 -2.96424 -5.57144 -3.15683 -5.27651 -6.9357 -1.24285 -5.68521 -3.18082 4.65044 -6.72446 -7.51943 0 0 0 2.71387 0.567615 -0.101228 0.443593 -1.68088 0.995235 0.419454 -0.561461 -0.554754 0.388159 -1.31299 -2.0973 -0.273305 -0.414098 0.377313 1.3368 0.813027 0.838256 1.36115 -0.0354929 -0.0364157 0.106481 -2.14785 -1.88122 -0.534986 -0.9215 2.8096 4.99449 0.771691 1.20368 0.291352 -0.541484 -0.552241 0.418597 -1.08939 -1.82131 -0.197669 -0.280531 0.097227 0.700335 0.766842 0.717708 0.320196 -0.552326 -0.552249 0.393198 -1.1455 -1.91571 -0.221307 -0.323253 0.162779 0.904251 0.75888 0.736801 0.369541 -0.559254 -0.553365 0.385607 -1.23164 -2.0204 -0.251502 -0.375863 0.270925 1.14166 0.783769 0.790039 0.842915 -0.218085 -0.00906296 -0.412475 -1.60028 -2.26979 -0.629246 -1.08233 2.03392 4.94453 0.156411 0.7707 1.11084 -0.0945802 -0.0295213 -0.0245576 -1.92186 -2.03291 -0.582632 -1.01486 2.56305 4.82657 0.654997 1.17976 2.31668 -2.96424 -5.57144 -3.15683 -5.27651 -6.9357 -1.24285 -5.68521 -3.18082 4.65044 -6.72446 -7.51943 2.91391 -3.55908 -6.08035 -2.67957 -6.04305 -6.84896 -2.71678 -5.38176 -1.92376 5.88773 -6.92336 -7.22233 0 0 0 2.70675 0.575042 -0.102751 0.453565 -1.52964 1.08196 0.495914 -0.561819 -0.556693 0.395415 -1.42455 -2.18018 -0.297886 -0.456486 0.515172 1.58065 0.850957 0.894501 1.62824 0.00840822 -0.0403487 0.157593 -2.28226 -1.4695 -0.45502 -0.794749 2.73835 4.72123 0.723901 1.04948 0.320196 -0.552326 -0.552249 0.393198 -1.1455 -1.91571 -0.221307 -0.323253 0.162779 0.904251 0.75888 0.736801 0.369541 -0.559254 -0.553365 0.385607 -1.23164 -2.0204 -0.251502 -0.375863 0.270925 1.14166 0.783769 0.790039 0.419454 -0.561461 -0.554754 0.388159 -1.31299 -2.0973 -0.273305 -0.414098 0.377313 1.3368 0.813027 0.838256 1.11084 -0.0945802 -0.0295213 -0.0245576 -1.92186 -2.03291 -0.582632 -1.01486 2.56305 4.82657 0.654997 1.17976 1.36115 -0.0354929 -0.0364157 0.106481 -2.14785 -1.88122 -0.534986 -0.9215 2.8096 4.99449 0.771691 1.20368 2.91391 -3.55908 -6.08035 -2.67957 -6.04305 -6.84896 -2.71678 -5.38176 -1.92376 5.88773 -6.92336 -7.22233 3.65325 -4.16338 -6.51887 -1.97469 -6.75087 -7.0006 -4.45273 -4.79234 -1.28091 6.97007 -7.21337 -6.65468 0 0 0 2.70069 0.579907 -0.104624 0.249917 -1.13991 1.15972 0.557625 -0.560954 -0.558487 0.401297 -1.51343 -2.22847 -0.313502 -0.485121 0.617784 1.75988 0.876462 0.931365 1.34239 0.0280021 -0.0506405 0.130662 -2.15105 -1.03254 -0.340921 -0.654541 2.5044 4.31573 0.572063 0.829147 0.369541 -0.559254 -0.553365 0.385607 -1.23164 -2.0204 -0.251502 -0.375863 0.270925 1.14166 0.783769 0.790039 0.419454 -0.561461 -0.554754 0.388159 -1.31299 -2.0973 -0.273305 -0.414098 0.377313 1.3368 0.813027 0.838256 0.495914 -0.561819 -0.556693 0.395415 -1.42455 -2.18018 -0.297886 -0.456486 0.515172 1.58065 0.850957 0.894501 1.36115 -0.0354929 -0.0364157 0.106481 -2.14785 -1.88122 -0.534986 -0.9215 2.8096 4.99449 0.771691 1.20368 1.62824 0.00840822 -0.0403487 0.157593 -2.28226 -1.4695 -0.45502 -0.794749 2.73835 4.72123 0.723901 1.04948 3.65325 -4.16338 -6.51887 -1.97469 -6.75087 -7.0006 -4.45273 -4.79234 -1.28091 6.97007 -7.21337 -6.65468 3.94793 -4.29559 -6.9165 -1.79722 -6.85409 -6.53657 -4.92835 -4.66621 -0.699173 6.94791 -7.35949 -6.79817 0 0 0 2.69307 0.583177 -0.108308 0.0349509 -0.576072 1.2244 0.605247 -0.559176 -0.561287 0.406226 -1.61418 -2.26337 -0.325895 -0.512584 0.737512 1.95907 0.898064 0.964238 0.72879 0.0388608 -0.0568525 0.0792876 -1.93569 -0.477926 -0.187557 -0.48701 2.33573 3.74962 0.335805 0.550232 0.419454 -0.561461 -0.554754 0.388159 -1.31299 -2.0973 -0.273305 -0.414098 0.377313 1.3368 0.813027 0.838256 0.495914 -0.561819 -0.556693 0.395415 -1.42455 -2.18018 -0.297886 -0.456486 0.515172 1.58065 0.850957 0.894501 0.557625 -0.560954 -0.558487 0.401297 -1.51343 -2.22847 -0.313502 -0.485121 0.617784 1.75988 0.876462 0.931365 1.62824 0.00840822 -0.0403487 0.157593 -2.28226 -1.4695 -0.45502 -0.794749 2.73835 4.72123 0.723901 1.04948 1.34239 0.0280021 -0.0506405 0.130662 -2.15105 -1.03254 -0.340921 -0.654541 2.5044 4.31573 0.572063 0.829147 3.94793 -4.29559 -6.9165 -1.79722 -6.85409 -6.53657 -4.92835 -4.66621 -0.699173 6.94791 -7.35949 -6.79817 4.4686 -4.63509 -7.24073 -1.50393 -6.79529 -6.10083 -5.49313 -4.52072 -0.207324 6.77921 -7.64738 -6.86995 0 0 0 2.68688 0.584159 -0.111692 0.00683623 -0.278838 1.27429 0.625875 -0.557565 -0.563427 0.408623 -1.68805 -2.27334 -0.330904 -0.529687 0.827055 2.09959 0.907125 0.981718 0.403379 0.0403131 -0.050181 0.0499076 -1.80207 -0.123698 -0.0873873 -0.395087 2.2052 3.38666 0.159253 0.374091 0.495914 -0.561819 -0.556693 0.395415 -1.42455 -2.18018 -0.297886 -0.456486 0.515172 1.58065 0.850957 0.894501 0.557625 -0.560954 -0.558487 0.401297 -1.51343 -2.22847 -0.313502 -0.485121 0.617784 1.75988 0.876462 0.931365 0.605247 -0.559176 -0.561287 0.406226 -1.61418 -2.26337 -0.325895 -0.512584 0.737512 1.95907 0.898064 0.964238 1.34239 0.0280021 -0.0506405 0.130662 -2.15105 -1.03254 -0.340921 -0.654541 2.5044 4.31573 0.572063 0.829147 0.72879 0.0388608 -0.0568525 0.0792876 -1.93569 -0.477926 -0.187557 -0.48701 2.33573 3.74962 0.335805 0.550232 4.4686 -4.63509 -7.24073 -1.50393 -6.79529 -6.10083 -5.49313 -4.52072 -0.207324 6.77921 -7.64738 -6.86995 5.01694 -5.00285 -7.39468 -1.09226 -6.55909 -5.82575 -6.0253 -4.21905 0.0679733 6.53866 -7.9424 -6.74002 0 0 0 2.6806 0.584145 -0.115011 0.065839 -0.0694954 1.31601 0.636218 -0.556023 -0.565141 0.410087 -1.75806 -2.27188 -0.332254 -0.543814 0.913712 2.23025 0.909484 0.993196 0.183314 0.036628 -0.0379387 0.0299596 -1.74587 0.10994 -0.00215027 -0.330785 2.19662 3.27127 0.000217213 0.241108 0.557625 -0.560954 -0.558487 0.401297 -1.51343 -2.22847 -0.313502 -0.485121 0.617784 1.75988 0.876462 0.931365 0.605247 -0.559176 -0.561287 0.406226 -1.61418 -2.26337 -0.325895 -0.512584 0.737512 1.95907 0.898064 0.964238 0.625875 -0.557565 -0.563427 0.408623 -1.68805 -2.27334 -0.330904 -0.529687 0.827055 2.09959 0.907125 0.981718 0.72879 0.0388608 -0.0568525 0.0792876 -1.93569 -0.477926 -0.187557 -0.48701 2.33573 3.74962 0.335805 0.550232 0.403379 0.0403131 -0.050181 0.0499076 -1.80207 -0.123698 -0.0873873 -0.395087 2.2052 3.38666 0.159253 0.374091 5.01694 -5.00285 -7.39468 -1.09226 -6.55909 -5.82575 -6.0253 -4.21905 0.0679733 6.53866 -7.9424 -6.74002 5.54887 -5.34503 -7.32463 -0.617643 -6.4017 -5.76479 -6.73901 -3.75319 0.311312 6.60729 -8.27014 -6.37912 0 0 0 2.67419 0.583488 -0.118022 0.176646 0.048383 1.36691 0.639715 -0.55471 -0.566312 0.410936 -1.82686 -2.26333 -0.330589 -0.556076 0.999567 2.36026 0.90603 1.0004 0.0382235 0.0300024 -0.0239823 0.016861 -1.73001 0.262158 0.067145 -0.295218 2.1687 3.28622 -0.136176 0.150004 0.605247 -0.559176 -0.561287 0.406226 -1.61418 -2.26337 -0.325895 -0.512584 0.737512 1.95907 0.898064 0.964238 0.625875 -0.557565 -0.563427 0.408623 -1.68805 -2.27334 -0.330904 -0.529687 0.827055 2.09959 0.907125 0.981718 0.636218 -0.556023 -0.565141 0.410087 -1.75806 -2.27188 -0.332254 -0.543814 0.913712 2.23025 0.909484 0.993196 0.403379 0.0403131 -0.050181 0.0499076 -1.80207 -0.123698 -0.0873873 -0.395087 2.2052 3.38666 0.159253 0.374091 0.183314 0.036628 -0.0379387 0.0299596 -1.74587 0.10994 -0.00215027 -0.330785 2.19662 3.27127 0.000217213 0.241108 5.54887 -5.34503 -7.32463 -0.617643 -6.4017 -5.76479 -6.73901 -3.75319 0.311312 6.60729 -8.27014 -6.37912 6.1652 -5.8796 -7.30299 -0.126651 -6.87947 -5.85828 -7.50467 -3.38331 0.613941 7.42768 -8.53553 -5.93726 0 0 0 2.66755 0.5825 -0.120554 0.350659 0.0904619 1.42899 0.638853 -0.55374 -0.566915 0.411499 -1.89776 -2.25049 -0.326392 -0.567634 1.08805 2.49622 0.897582 1.0052 -0.0515291 0.0204705 -0.00978604 0.013874 -1.80931 0.353045 0.126491 -0.288453 2.25172 3.4779 -0.25402 0.107066 0.625875 -0.557565 -0.563427 0.408623 -1.68805 -2.27334 -0.330904 -0.529687 0.827055 2.09959 0.907125 0.981718 0.636218 -0.556023 -0.565141 0.410087 -1.75806 -2.27188 -0.332254 -0.543814 0.913712 2.23025 0.909484 0.993196 0.639715 -0.55471 -0.566312 0.410936 -1.82686 -2.26333 -0.330589 -0.556076 0.999567 2.36026 0.90603 1.0004 0.183314 0.036628 -0.0379387 0.0299596 -1.74587 0.10994 -0.00215027 -0.330785 2.19662 3.27127 0.000217213 0.241108 0.0382235 0.0300024 -0.0239823 0.016861 -1.73001 0.262158 0.067145 -0.295218 2.1687 3.28622 -0.136176 0.150004 6.1652 -5.8796 -7.30299 -0.126651 -6.87947 -5.85828 -7.50467 -3.38331 0.613941 7.42768 -8.53553 -5.93726 6.74646 -6.43041 -7.25828 0.353474 -7.53337 -5.91041 -8.13181 -3.07137 0.943239 8.34644 -8.68518 -5.44855 0 0 0 2.66058 0.581507 -0.122509 0.541834 0.0522302 1.50486 0.635372 -0.553165 -0.566988 0.412121 -1.97215 -2.23449 -0.320226 -0.579466 1.17805 2.63788 0.885028 1.00897 -0.104016 0.0103954 0.00256756 0.0176228 -1.91296 0.42737 0.169429 -0.302504 2.29653 3.60349 -0.346619 0.0909825 0.636218 -0.556023 -0.565141 0.410087 -1.75806 -2.27188 -0.332254 -0.543814 0.913712 2.23025 0.909484 0.993196 0.639715 -0.55471 -0.566312 0.410936 -1.82686 -2.26333 -0.330589 -0.556076 0.999567 2.36026 0.90603 1.0004 0.638853 -0.55374 -0.566915 0.411499 -1.89776 -2.25049 -0.326392 -0.567634 1.08805 2.49622 0.897582 1.0052 0.0382235 0.0300024 -0.0239823 0.016861 -1.73001 0.262158 0.067145 -0.295218 2.1687 3.28622 -0.136176 0.150004 -0.0515291 0.0204705 -0.00978604 0.013874 -1.80931 0.353045 0.126491 -0.288453 2.25172 3.4779 -0.25402 0.107066 6.74646 -6.43041 -7.25828 0.353474 -7.53337 -5.91041 -8.13181 -3.07137 0.943239 8.34644 -8.68518 -5.44855 7.2791 -6.90926 -7.33678 0.846379 -7.9954 -5.86501 -8.58569 -2.76321 1.25317 8.94273 -8.74059 -5.02641 0 0 0 2.6532 0.580803 -0.123929 0.728414 -0.0641802 1.58041 0.630464 -0.552995 -0.566626 0.413026 -2.05136 -2.2161 -0.312838 -0.592276 1.26929 2.78341 0.869533 1.01264 -0.130917 0.000318029 0.0126416 0.0267195 -2.03443 0.478233 0.190874 -0.333264 2.29607 3.67396 -0.406751 0.095896 0.639715 -0.55471 -0.566312 0.410936 -1.82686 -2.26333 -0.330589 -0.556076 0.999567 2.36026 0.90603 1.0004 0.638853 -0.55374 -0.566915 0.411499 -1.89776 -2.25049 -0.326392 -0.567634 1.08805 2.49622 0.897582 1.0052 0.635372 -0.553165 -0.566988 0.412121 -1.97215 -2.23449 -0.320226 -0.579466 1.17805 2.63788 0.885028 1.00897 -0.0515291 0.0204705 -0.00978604 0.013874 -1.80931 0.353045 0.126491 -0.288453 2.25172 3.4779 -0.25402 0.107066 -0.104016 0.0103954 0.00256756 0.0176228 -1.91296 0.42737 0.169429 -0.302504 2.29653 3.60349 -0.346619 0.0909825 7.2791 -6.90926 -7.33678 0.846379 -7.9954 -5.86501 -8.58569 -2.76321 1.25317 8.94273 -8.74059 -5.02641 7.86768 -7.47598 -7.59014 1.37396 -8.59921 -5.70928 -8.94005 -2.49365 1.68407 9.61473 -8.69287 -4.62579 0 0 0 2.64527 0.58095 -0.125001 0.859376 -0.379495 1.67122 0.624929 -0.553162 -0.566015 0.414719 -2.1383 -2.19596 -0.305585 -0.607243 1.36481 2.91476 0.852919 1.01761 -0.141743 -0.00577309 0.0160519 0.050662 -2.22996 0.495926 0.170041 -0.396911 2.36325 2.83756 -0.416959 0.134969 0.638853 -0.55374 -0.566915 0.411499 -1.89776 -2.25049 -0.326392 -0.567634 1.08805 2.49622 0.897582 1.0052 0.635372 -0.553165 -0.566988 0.412121 -1.97215 -2.23449 -0.320226 -0.579466 1.17805 2.63788 0.885028 1.00897 0.630464 -0.552995 -0.566626 0.413026 -2.05136 -2.2161 -0.312838 -0.592276 1.26929 2.78341 0.869533 1.01264 -0.104016 0.0103954 0.00256756 0.0176228 -1.91296 0.42737 0.169429 -0.302504 2.29653 3.60349 -0.346619 0.0909825 -0.130917 0.000318029 0.0126416 0.0267195 -2.03443 0.478233 0.190874 -0.333264 2.29607 3.67396 -0.406751 0.095896 7.86768 -7.47598 -7.59014 1.37396 -8.59921 -5.70928 -8.94005 -2.49365 1.68407 9.61473 -8.69287 -4.62579 8.4338 -8.02716 -7.85732 1.90247 -9.09847 -5.53412 -9.1595 -2.20704 2.01479 10.168 -8.55982 -4.20477 0 0 0 2.63689 0.582532 -0.125905 0.96642 -0.758243 1.69024 0.619164 -0.553465 -0.565308 0.417703 -2.23047 -2.17709 -0.299744 -0.624166 1.45588 3.00504 0.836399 1.02341 -0.144597 -0.00837005 0.0187724 0.099015 -2.36415 0.472557 0.128193 -0.441598 2.26462 1.95597 -0.405063 0.159599 0.635372 -0.553165 -0.566988 0.412121 -1.97215 -2.23449 -0.320226 -0.579466 1.17805 2.63788 0.885028 1.00897 0.630464 -0.552995 -0.566626 0.413026 -2.05136 -2.2161 -0.312838 -0.592276 1.26929 2.78341 0.869533 1.01264 0.624929 -0.553162 -0.566015 0.414719 -2.1383 -2.19596 -0.305585 -0.607243 1.36481 2.91476 0.852919 1.01761 -0.130917 0.000318029 0.0126416 0.0267195 -2.03443 0.478233 0.190874 -0.333264 2.29607 3.67396 -0.406751 0.095896 -0.141743 -0.00577309 0.0160519 0.050662 -2.22996 0.495926 0.170041 -0.396911 2.36325 2.83756 -0.416959 0.134969 8.4338 -8.02716 -7.85732 1.90247 -9.09847 -5.53412 -9.1595 -2.20704 2.01479 10.168 -8.55982 -4.20477 9.01965 -8.65846 -8.26333 2.39207 -9.72013 -5.25631 -9.25105 -2.03773 2.43382 10.8342 -8.3533 -3.8153
