cmd 0 0 0
base_rpy -3.12882 0.585869 0.0105227
projected_gravity -0.552924 -0.00876769 -0.833186
body_omega -0.0468824 -6.1106 0.559218
base_acc 24.2217 6.42842 0.49834
omega_world -0.390797 -6.11165 0.386435
base_quat_wxyz 0.957377 0.00319287 -0.288785 -0.00459532
base_rot_mat 0.833164 0.0069548 -0.552983 -0.010643 0.999937 -0.00345944 0.552924 0.00876769 0.833186
joint_pos_policy 0.972326 -0.80852 -0.659434 0.660473 -2.80038 0.676589 -1.14549 -1.14843 2.94799 3.16617 1.78824 1.73264
joint_vel_policy -0.775702 0.556775 0.307725 -0.244498 -2.53194 2.48358 -1.40568 -0.826764 2.44943 0.482261 0.621649 1.02459
obs_contract cmd:3 base_rpy:3 body_omega:3 joint_pos:12 joint_vel:12 joint_pos_history:36 joint_vel_history:24 action_history:24
parity_build_id 2026-02-16-rpy-from-quat-history-abs-noise0-quat-fallback-rpy-actionhist-zero-delay1-rpy-step0-pi-canonical-neg
base_rpy_mode legacy_xyzw_from_rotmat_step0_pi_canonical_neg
history_frame_push_mode single_first_step
action_history_mode training_parity_zero_seed_delay1
history_seed_file_loaded 0
history_seed_file_used 0
history_seed_file_path none
joint_pos_history 1.02594 -0.86389 -0.703044 0.688341 -2.30803 0.0225428 -0.998012 -1.02804 2.48634 3.05829 1.68879 1.6092 1.02445 -0.852563 -0.68903 0.681336 -2.47708 0.290705 -1.03659 -1.0666 2.64196 3.10461 1.72336 1.64083 1.00112 -0.830097 -0.67209 0.670161 -2.67943 0.554183 -1.09185 -1.11393 2.8347 3.14435 1.76181 1.69093
pos_hist 1.02594 -0.86389 -0.703044 0.688341 -2.30803 0.0225428 -0.998012 -1.02804 2.48634 3.05829 1.68879 1.6092 1.02445 -0.852563 -0.68903 0.681336 -2.47708 0.290705 -1.03659 -1.0666 2.64196 3.10461 1.72336 1.64083 1.00112 -0.830097 -0.67209 0.670161 -2.67943 0.554183 -1.09185 -1.11393 2.8347 3.14435 1.76181 1.69093
joint_vel_history -0.214218 0.352835 0.349222 -0.197109 -4.18369 6.59201 -0.987771 -0.965584 3.9393 1.0186 0.826627 0.898738 -0.603313 0.500679 0.329547 -0.235921 -3.94224 4.14409 -1.20781 -0.929268 3.56393 0.66495 0.737325 1.05303
vel_hist -0.214218 0.352835 0.349222 -0.197109 -4.18369 6.59201 -0.987771 -0.965584 3.9393 1.0186 0.826627 0.898738 -0.603313 0.500679 0.329547 -0.235921 -3.94224 4.14409 -1.20781 -0.929268 3.56393 0.66495 0.737325 1.05303
action_history 12 -12 -12 8.1511 -12 12 -3.33709 -1.80564 10.6351 12 1.53595 2.12304 12 -12 -12 8.17536 -12 12 -3.547 -1.7951 10.9742 12 1.55928 2.33112
tgt_hist 12 -12 -12 8.1511 -12 12 -3.33709 -1.80564 10.6351 12 1.53595 2.12304 12 -12 -12 8.17536 -12 12 -3.547 -1.7951 10.9742 12 1.55928 2.33112
action_raw 12 -12 -12 8.58486 -12 12 -3.4501 -2.34478 11.3837 12 1.67741 2.38755
action_offset 3 -3 -3 2.14622 -3 3 -0.862525 -0.586194 2.84593 3 0.419352 0.596887
target_joint_pos_policy 2.9846 -2.98401 -3.02213 2.16866 -3.76697 2.23171 -1.62839 -1.3534 4.38354 4.53636 1.96723 2.14368
target_joint_pos 2.9846 -3.76697 4.38354 -2.98401 2.23171 4.53636 -3.02213 -1.62839 1.96723 2.16866 -1.3534 2.14368
joint_limits_lower -0.51777 -2.6433 0.51876 -0.51777 -2.6433 0.51876 -0.51777 -2.6433 0.51876 -0.51777 -2.6433 0.51876
joint_limits_upper 0.51777 0.31086 2.76408 0.51777 0.31086 2.76408 0.51777 0.31086 2.76408 0.51777 0.31086 2.76408
effort_limits 24 24 36 24 24 36 24 24 36 24 24 36
target_joint_pos_clipped 0.51777 -2.6433 2.76408 -0.51777 0.31086 2.76408 -0.51777 -1.62839 1.96723 0.51777 -1.3534 2.14368
pd_tau_raw 40.7884 -17.5595 26.9965 -43.8996 29.364 27.0662 -47.4694 -8.67404 3.14464 30.3349 -3.52066 7.50352
pd_tau_clipped 24 -17.5595 26.9965 -24 24 27.0662 -24 -8.67404 3.14464 24 -3.52066 7.50352
obs_flat 0 0 0 -3.12882 0.585869 0.0105227 -0.0468824 -6.1106 0.559218 0.972326 -0.80852 -0.659434 0.660473 -2.80038 0.676589 -1.14549 -1.14843 2.94799 3.16617 1.78824 1.73264 -0.775702 0.556775 0.307725 -0.244498 -2.53194 2.48358 -1.40568 -0.826764 2.44943 0.482261 0.621649 1.02459 1.02594 -0.86389 -0.703044 0.688341 -2.30803 0.0225428 -0.998012 -1.02804 2.48634 3.05829 1.68879 1.6092 1.02445 -0.852563 -0.68903 0.681336 -2.47708 0.290705 -1.03659 -1.0666 2.64196 3.10461 1.72336 1.64083 1.00112 -0.830097 -0.67209 0.670161 -2.67943 0.554183 -1.09185 -1.11393 2.8347 3.14435 1.76181 1.69093 -0.214218 0.352835 0.349222 -0.197109 -4.18369 6.59201 -0.987771 -0.965584 3.9393 1.0186 0.826627 0.898738 -0.603313 0.500679 0.329547 -0.235921 -3.94224 4.14409 -1.20781 -0.929268 3.56393 0.66495 0.737325 1.05303 12 -12 -12 8.1511 -12 12 -3.33709 -1.80564 10.6351 12 1.53595 2.12304 12 -12 -12 8.17536 -12 12 -3.547 -1.7951 10.9742 12 1.55928 2.33112 0 0 0 0 0 0 0 0 0 0 0 0 0 0 0 0 0 0 0 0 0 0 0 0 0 0 0 0 0 0 0 0 0 0 0 0 0 0 0 0 0 0 0 0 0 0 0 0 0 0 0 0 0 0 0 0 0 0 0 0 0 0 0 0 0 0 0 0 0 0 0 0 0 0 0 0 0 0 0 0 0 0 0 0 0 0 0 0 0 0 0 0 0 0 0 0 0 0 0 0 0 0 0 0 0 0 0 0 0 0 0 0 0 0 0 0 0 0 0 0 0 0 0 0 0 0 0 0 0 0 0 0 0 0 0 0 0 0 0 0 0 0 0 0 0 0 0 0 0 0 0 0 0 0 0 0 0 0 0 0 0 0 0 0 0 0 0 0 0 0 0 0 0 0 0 0 0 0 0 0 0 0 0 0 0 0 0 0 0 0 0 0 0 0 0 0 0 0 0 0 0 0 0 0 0 0 0 0 0 0 0 0 0 0 0 0 0 0 0 0 0 0 0 0 0 0 0 0 0 0 0 0 0 0 0 0 0 0 0 0 0 0 0 0 0 0 0 0 0 0 0 0 0 0 0 0 0 0 0 0 0 0 0 0 0 0 0 0 0 0 0 0 0 0 0 0 0 0 0 0 0 0 0 0 0 0 0 0 0 0 0 0 0 0 0 0 0 0 0 0 0 0 0 0 0 0 0 0 0 0 0 0 0 0 0 0 0 0 0 0 0 0 0 0 0 0 0 0 0 0 0 0 0 0 0 0 0 0 0 0 0 0 0 0 0 0 0 0 0 0 0 0 0 0 0 0 0 0 0 0 0 0 0 0 0 0 0 0 0 0 0 0 0 0 0 0 0 0 0 0 0 0 0 0 0 0 0 0 0 0 0 0 0 0 0 0 0 0 0 0 0 0 0 0 0 0 0 0 0 0 0 0 0 0 0 0 0 0 0 0 0 0 0 0 0 0 0 0 0 0 0 0 0 0 0 0 0 0 0 0 0 0 0 0 0 0 0 0 0 0 0 0 0 0 0 0 0 0 0 0 0 0 0 0 0 0 0 0 0 0 0 0 0 0 0 0 0 0 0 0 0 0 0 0 0 0 0 0 0 0 0 0 0 0 0 0 0 0 0 0 0 0 0 0 0 0 0 0 0 0 0 0 0 0 0 0 0 0 0 0 0 0 0 0 0 0 0 0 0 0 0 0 0 0 0 0 0 0 0 0 0 0 0 0 0 0 0 0 0 0 0 0 0 0 0 0 0 0 0 0 0 0 0 0 0 0 0 0 0 0 0 0 0 0 0 0 0 0 0 0 0 0 0 0 0 0 0 0 0 0 0 0 0 0 0 0 0 0 0 0 0 0 0 0 0 0 0 0 0 0 0 0 0 0 0 0 0 0 0 0 0 0 0 0 0 0 0 0 0 0 0 0 0 0 0 0 0 0 0 0 0 0 0 0 0 0 0 0 0 0 0 0 0 0 0 0 0 0 0 0 0 0 0 0 0 0 0 0 0 0 0 0 0 0 0 0 0 0 0 0 0 0 0 0 0 0 0 0 0 0 0 0 0 0 0 0 0 0 0 0 0 0 0 0 0 0 0 0 0 0 0 0 0 0 0 0 0 0 0 0 0 0 0 0 0 0 0 0 0 0 0 0 0 0 0 0 0 0 0 0 0 0 0 0 0 0 0 0 0 0 0 0 0 0 0 0 0 0 0 0 0 0 0 0 0 0 0 0 0 0 0 0 0 0 0 0 0 0 0 0 0 0 0 0 0 0 0 0 0 0 0 0 0 0 0 0 0 0 0 0 0 0 0 0 0 0 0 0 0 0 0 0 0 0 0 0 0 0 0 0 0 0 0 0 0 0 0 0 0 0 0 0 0 0 0 0 0 0 0 0 0 0 0 0 0 0 0 0 0 0 0 0 0 0 0 0 0 0 0 0 0 0 0 0 0 0 0 0 0 0 0 0 0 0 0 0 0 0 0 0 0 0 0 0 0 0 0 0 0 0 0 0 0 0 0 0 0 0 0 0 0 0 0 0 0 0 0 0 0 0 0 0 0 0 0 0 0 0 0 0 0 0 0 0 0 0 0 0 0 0 0 0 0 0 0 0 0 0 0 0 0 0 0 0 0 0 0 0 0 0 0 0 0 0 0 0 0 0 0 0 0 0 0 0 0 0 0 0 0 0 0 0 0 0 0 0 0 0 0 0 0 0 0 0 0 0 0 0 0 0 0 0 0 0 0 0 0 0 0 0 0 0 0 0 0 0 0 0 0 0 0 0 0 0 0 0 0 0 0 0 0 0 0 0 0 0 0 0 0 0 0 0 0 0 0 0 0 0 0 0 0 0 0 0 0 0 0 0 0 0 0 0 0 0 0 0 0 0 0 0 0 0 0 0 0 0 0 0 0 0 0 0 0 0 0 0 0 0 0 0 0 0 0 0 0 0 0 0 0 0 0 0 0 0 0 0 0 0 0 0 0 0 0 0 0 0 0 0 0 0 0 0 0 0 0 0 0 0 0 0 0 0 0 0 0 0 0 0 0 0 0 0 0 0 0 0 0 0 0 0 0 0 0 0 0 0 0 0 0 0 0 0 0 0 0 0 0 0 0 0 0 0 0 0 0 0 0 0 0 0 0 0 0 0 0 0 0 0 0 0 0 0 0 0 0 0 0 0 0 0 0 0 0 0 0 0 0 0 0 0 0 0 0 0 0 0 0 0 0 0 0 0 0 0 0 0 0 0 0 0 0 0 0 0 0 0 0 0 0 0 0 0 0 0 0 0 0 0 0 0 0 0 0 0 0 0 0 0 0 0 0 0 0 0 0 0 0 0 0 0 0 0 0 0 0 0 0 0 0 0 0 0 0 0 0 0 0 0 0 0 0 0 0 0 0 0 0 0 0 0 0 0 0 0 0 0 0 0 0 0 0 0 0 0 0 0 0 0 0 0 0 0 0 0 0 0 0 0 0 0 0 0 0 0 0 0 0 0 0 0 0 0 0 0 0 0 0 0 0 0 0 0 0 0 0 0 0 0 0 0 0 0 0 0 0 0 0 0 0 0 0 0 0 0 0 0 0 0 0 0 0 0 0 0 0 0 0 0 0 0 0 0 0 0 0 0 0 0 0 0 0 0 0 0 0 0 0 0 0 0 0 0 0 0 0 0 0 0 0 0 0 0 0 0 0 0 0 0 0 0 0 0 0 0 0 0 0 0 0 0 0 0 0 0 0 0 0 0 0 0 0 0 0 0 0 0 0 0 0 0 0 0 0 0 0 0 0 0 0 0 0 0 0 0 0 0 0 0 0 0 0 0 0 0 0 0 0 0 0 0 0 0 0 0 0 0 0 0 0 0 0 0 0 0 0 0 0 0 0 0 0 0 0 0 0 0 0 0 0 0 0 0 0 0 0 0 0 0 0 0 0 0 0 0 0 0 0 0 0 0 0 0 0 0 0 0 0 0 0 0 0 0 0 0 0 0 0 0 0 0 0 0 0 0 0 0 0 0 0 0 0 0 0 0 0 0 0 0 0 0 0 0 0 0 0 0 0 0 0 0 0 0 0 0 0 0 0 0 0 0 0 0 0 0 0 0 0 0 0 0 0 0 0 0 0 0 0 0 0 0 0 0 0 0 0 0 0 0 0 0 0 0 0 0 0 0 0 0 0 0 0 0 0 0 0 0 0 0 0 0 0 0 0 0 0 0 0 0 0 0 0 0 0 0 0 0 0 0 0 0 0 0 0 0 0 0 0 0 0 0 0 0 0 0 0 0 0 0 0 0 0 0 0 0 0 0 0 0 0 0 0 0 0 0 0 0 0 0 0 0 0 0 0 0 0 0 0 0 0 0 0 0 0 0 0 0 0 0 0 0 0 0 0 0 0 0 0 0 0 0 0 0 0 0 0 0 0 0 0 0 0 0 0 0 0 0 0 0 0 0 0 0 0 0 0 0 0 0 0 0 0 0 0 0 0 0 0 0 0 0 0 0 0 0 0 0 0 0 0 0 0 0 0 0 0 0 0 0 0 0 0 0 0 0 0 0 0 0 0 0 0 0 0 0 0 0 0 0 0 0 0 0 0 0 0 0 0 0 0 0 0 0 0 0 0 0 0 0 0 0 0 0 0 0 0 0 0 0 0 0 0 0 0 0 0 0 0 0 0 0 0 0 0 0 0 0 0 0 0 0 0 0 0 0 0 0 0 0 0 0 0 0 0 0 0 0 0 0 0 0 0 0 0 0 0 0 0 0 0 0 0 0 0 0 0 0 0 0 0 0 0 0 0 0 0 0 0 0 0 0 0 0 0 0 0 0 0 0 0 0 0 0 0 0 0 0 0 0 0 0 0 0 0 0 0 0 0 0 0 0 0 0 0 0 0 0 0 0 0 0 0 0 0 0 0 0 0 0 0 0 0 0 0 0 0 0 0 0 0 0 0 0 0 0 0 0 0 0 0 0 0 0 0 0 0 0 0 0 0 0 0 0 0 0 0 0 0 0 0 0 0 0 0 0 0 0 0 0 0 0 0 0 0 0 0 0 0 0 0 0 0 0 0 0 0 0 0 0 0 0 0 0 0 0 0 0 0 0 0 0 0 0 0 0 0 0 0 0 0 0 0 0 0 0 0 0 0 0 0 0 0 0 0 0 0 0 0 0 0 0 0 0 0 0 0 0 0 0 0 0 0 0 0 0 0 0 0 0 0 0 0 0 0 0 0 0 0 0 0 0 0 0 0 0 0 0 0 0 0 0 0 0 0 0 0 0 0 0 0 0 0 0 0 0 0 0 0 0 0 0 0 0 0 0 0 0 0 0 0 0 0 0 0 0 0 0 0 0 0 0 0 0 0 0 0 0 0 0 0 0 0 0 0 0 0 0 0 0 0 0 0 0 0 0 0 0 0 0 0 0 0 0 0 0 0 0 0 0 0 0 0 0 0 0 0 0 0 0 0 0 0 0 0 0 0 0 0 0 0 0 0 0 0 0 0 0 0 0 0 0 0 0 0 0 0 0 0 0 0 0 0 0 0 0 0 0 0 0 0 0 0 0 0 0 0 0 0 0 0 0 0 0 0 0 0 0 0 0 0 0 0 0 0 0 0 0 0 0 0 0 0 0 0 0 0 0 0 0 0 0 0 0 0 0 0 0 0 0 0 0 0 0 0 0 0 0 0 0 0 0 0 0 0 0 0 0 0 0 0 0 0 0 0 0 0 0 0 0 0 0 0 0 0 0 0 0 0 0 0 0 0 0 0 0 0 0 0 0 0 0 0 0 0 -3.11643 0.0064217 -0.00044972 -7.66308e-06 9.05777e-06 -2.25002e-05 -0.0154456 0.0160288 -0.0222097 0.0225225 -0.767019 -0.768334 -0.765859 -0.767202 1.5376 1.53635 1.54786 1.54677 -4.81955e-05 4.67627e-05 -8.06083e-05 8.2291e-05 -3.73523e-05 -3.90167e-05 -5.99391e-06 -9.74351e-06 -3.02658e-06 -3.71957e-06 -2.61505e-05 -2.8804e-05 -0.0154456 0.0160288 -0.0222097 0.0225225 -0.767019 -0.768334 -0.765859 -0.767202 1.5376 1.53635 1.54786 1.54677 -0.0154456 0.0160288 -0.0222097 0.0225225 -0.767019 -0.768334 -0.765859 -0.767202 1.5376 1.53635 1.54786 1.54677 -0.0154456 0.0160288 -0.0222097 0.0225225 -0.767019 -0.768334 -0.765859 -0.767202 1.5376 1.53635 1.54786 1.54677 -4.81955e-05 4.67627e-05 -8.06083e-05 8.2291e-05 -3.73523e-05 -3.90167e-05 -5.99391e-06 -9.74351e-06 -3.02658e-06 -3.71957e-06 -2.61505e-05 -2.8804e-05 -4.81955e-05 4.67627e-05 -8.06083e-05 8.2291e-05 -3.73523e-05 -3.90167e-05 -5.99391e-06 -9.74351e-06 -3.02658e-06 -3.71957e-06 -2.61505e-05 -2.8804e-05 0 0 0 0 0 0 0 0 0 0 0 0 0 0 0 0 0 0 0 0 0 0 0 0 0 0 0 -3.11631 0.00787104 -0.00178818 -0.873013 -0.948762 -0.0781345 -0.0169234 0.0144708 -0.0264351 0.0251844 -0.76752 -0.768343 -0.770746 -0.768118 1.53592 1.53378 1.5723 1.55349 -0.0960959 -0.101135 -0.285067 0.176968 -0.0319891 -0.000180557 -0.302391 -0.0569164 -0.110741 -0.167963 1.561 0.43867 -0.0154456 0.0160288 -0.0222097 0.0225225 -0.767019 -0.768334 -0.765859 -0.767202 1.5376 1.53635 1.54786 1.54677 -0.0154456 0.0160288 -0.0222097 0.0225225 -0.767019 -0.768334 -0.765859 -0.767202 1.5376 1.53635 1.54786 1.54677 -0.0154456 0.0160288 -0.0222097 0.0225225 -0.767019 -0.768334 -0.765859 -0.767202 1.5376 1.53635 1.54786 1.54677 -4.81955e-05 4.67627e-05 -8.06083e-05 8.2291e-05 -3.73523e-05 -3.90167e-05 -5.99391e-06 -9.74351e-06 -3.02658e-06 -3.71957e-06 -2.61505e-05 -2.8804e-05 -4.81955e-05 4.67627e-05 -8.06083e-05 8.2291e-05 -3.73523e-05 -3.90167e-05 -5.99391e-06 -9.74351e-06 -3.02658e-06 -3.71957e-06 -2.61505e-05 -2.8804e-05 0 0 0 0 0 0 0 0 0 0 0 0 0 0 0 0 0 0 0 0 0 0 0 0 0 0 0 -3.11566 0.0188593 -0.0091409 -1.69345 -3.00734 -0.170191 -0.025081 0.00586306 -0.0639402 0.058218 -0.770595 -0.768835 -0.78602 -0.758151 1.5223 1.51558 1.69881 1.56852 -0.188284 -0.199776 -1.07336 0.996708 -0.0786033 -0.0201277 -0.198386 0.356643 -0.379932 -0.483298 2.8506 0.240378 -0.0154456 0.0160288 -0.0222097 0.0225225 -0.767019 -0.768334 -0.765859 -0.767202 1.5376 1.53635 1.54786 1.54677 -0.0154456 0.0160288 -0.0222097 0.0225225 -0.767019 -0.768334 -0.765859 -0.767202 1.5376 1.53635 1.54786 1.54677 -0.0169234 0.0144708 -0.0264351 0.0251844 -0.76752 -0.768343 -0.770746 -0.768118 1.53592 1.53378 1.5723 1.55349 -4.81955e-05 4.67627e-05 -8.06083e-05 8.2291e-05 -3.73523e-05 -3.90167e-05 -5.99391e-06 -9.74351e-06 -3.02658e-06 -3.71957e-06 -2.61505e-05 -2.8804e-05 -0.0960959 -0.101135 -0.285067 0.176968 -0.0319891 -0.000180557 -0.302391 -0.0569164 -0.110741 -0.167963 1.561 0.43867 0 0 0 0 0 0 0 0 0 0 0 0 1.62267 -4.30847 -6.11816 10.811 -0.0610975 -2.55409 2.49975 3.14418 -12 -12 6.23657 1.60083 0 0 0 -3.11496 0.0395978 -0.0170778 -1.44916 -4.7508 -0.189216 -0.0341214 -0.00373878 -0.142583 0.134526 -0.775061 -0.770616 -0.776342 -0.72621 1.49464 1.48328 1.82066 1.56471 -0.168757 -0.174686 -1.94301 1.8495 -0.0805983 -0.0313096 0.607203 0.933931 -0.667274 -0.75248 1.40403 -0.663578 -0.0154456 0.0160288 -0.0222097 0.0225225 -0.767019 -0.768334 -0.765859 -0.767202 1.5376 1.53635 1.54786 1.54677 -0.0169234 0.0144708 -0.0264351 0.0251844 -0.76752 -0.768343 -0.770746 -0.768118 1.53592 1.53378 1.5723 1.55349 -0.025081 0.00586306 -0.0639402 0.058218 -0.770595 -0.768835 -0.78602 -0.758151 1.5223 1.51558 1.69881 1.56852 -0.0960959 -0.101135 -0.285067 0.176968 -0.0319891 -0.000180557 -0.302391 -0.0569164 -0.110741 -0.167963 1.561 0.43867 -0.188284 -0.199776 -1.07336 0.996708 -0.0786033 -0.0201277 -0.198386 0.356643 -0.379932 -0.483298 2.8506 0.240378 1.62267 -4.30847 -6.11816 10.811 -0.0610975 -2.55409 2.49975 3.14418 -12 -12 6.23657 1.60083 1.77595 -4.47451 -6.3893 11.0421 -0.242811 -2.68182 2.57278 3.25084 -12 -12 6.25117 1.63008 0 0 0 -3.11484 0.0620335 -0.0239976 -2.33966 -6.14831 -0.0622753 -0.0420428 -0.0116777 -0.237507 0.213369 -0.77825 -0.771279 -0.738537 -0.681594 1.46233 1.44625 1.82717 1.51865 -0.258118 -0.25634 -2.68748 1.8708 -0.0861254 0.0025108 1.11435 1.12368 -0.880249 -1.05842 -0.647614 -1.34602 -0.0169234 0.0144708 -0.0264351 0.0251844 -0.76752 -0.768343 -0.770746 -0.768118 1.53592 1.53378 1.5723 1.55349 -0.025081 0.00586306 -0.0639402 0.058218 -0.770595 -0.768835 -0.78602 -0.758151 1.5223 1.51558 1.69881 1.56852 -0.0341214 -0.00373878 -0.142583 0.134526 -0.775061 -0.770616 -0.776342 -0.72621 1.49464 1.48328 1.82066 1.56471 -0.188284 -0.199776 -1.07336 0.996708 -0.0786033 -0.0201277 -0.198386 0.356643 -0.379932 -0.483298 2.8506 0.240378 -0.168757 -0.174686 -1.94301 1.8495 -0.0805983 -0.0313096 0.607203 0.933931 -0.667274 -0.75248 1.40403 -0.663578 1.77595 -4.47451 -6.3893 11.0421 -0.242811 -2.68182 2.57278 3.25084 -12 -12 6.25117 1.63008 -0.211191 -1.32696 -6.01557 6.61408 -0.485827 -1.38754 2.03388 3.68579 -12 -12 0.969279 -0.986213 0 0 0 -3.11622 0.0909288 -0.038691 -4.27925 -7.87919 0.179004 -0.0571906 -0.0269206 -0.360681 0.269561 -0.783064 -0.770249 -0.692086 -0.650897 1.42227 1.39355 1.76278 1.47572 -0.436837 -0.441004 -3.23741 1.16938 -0.137288 0.0405021 1.14495 0.578445 -1.0839 -1.4698 -2.00053 -0.946947 -0.025081 0.00586306 -0.0639402 0.058218 -0.770595 -0.768835 -0.78602 -0.758151 1.5223 1.51558 1.69881 1.56852 -0.0341214 -0.00373878 -0.142583 0.134526 -0.775061 -0.770616 -0.776342 -0.72621 1.49464 1.48328 1.82066 1.56471 -0.0420428 -0.0116777 -0.237507 0.213369 -0.77825 -0.771279 -0.738537 -0.681594 1.46233 1.44625 1.82717 1.51865 -0.168757 -0.174686 -1.94301 1.8495 -0.0805983 -0.0313096 0.607203 0.933931 -0.667274 -0.75248 1.40403 -0.663578 -0.258118 -0.25634 -2.68748 1.8708 -0.0861254 0.0025108 1.11435 1.12368 -0.880249 -1.05842 -0.647614 -1.34602 -0.211191 -1.32696 -6.01557 6.61408 -0.485827 -1.38754 2.03388 3.68579 -12 -12 0.969279 -0.986213 0.674945 -1.33974 -7.15824 2.1965 0.420894 -0.913775 1.20309 1.59844 -12 -12 -1.46697 -2.00903 0 0 0 -3.11834 0.126386 -0.0570858 -4.23275 -9.42313 -0.0369821 -0.0755514 -0.0526615 -0.49107 0.306887 -0.789558 -0.783325 -0.653952 -0.641291 1.37293 1.36647 1.67582 1.45115 -0.428328 -0.896499 -3.17057 0.866335 -0.184146 -0.921348 0.732123 -0.0310913 -1.31677 0.764052 -2.11052 -0.242882 -0.0341214 -0.00373878 -0.142583 0.134526 -0.775061 -0.770616 -0.776342 -0.72621 1.49464 1.48328 1.82066 1.56471 -0.0420428 -0.0116777 -0.237507 0.213369 -0.77825 -0.771279 -0.738537 -0.681594 1.46233 1.44625 1.82717 1.51865 -0.0571906 -0.0269206 -0.360681 0.269561 -0.783064 -0.770249 -0.692086 -0.650897 1.42227 1.39355 1.76278 1.47572 -0.258118 -0.25634 -2.68748 1.8708 -0.0861254 0.0025108 1.11435 1.12368 -0.880249 -1.05842 -0.647614 -1.34602 -0.436837 -0.441004 -3.23741 1.16938 -0.137288 0.0405021 1.14495 0.578445 -1.0839 -1.4698 -2.00053 -0.946947 0.674945 -1.33974 -7.15824 2.1965 0.420894 -0.913775 1.20309 1.59844 -12 -12 -1.46697 -2.00903 2.56592 -2.03128 -6.9249 -0.905302 -0.677701 -2.24747 0.454371 -0.347305 -12 -8.62221 -2.31428 -1.76413 0 0 0 -3.11944 0.16687 -0.0696718 -1.86209 -10.3505 -0.644367 -0.0838972 -0.103055 -0.604086 0.343625 -0.806691 -0.85033 -0.641046 -0.655462 1.32934 1.4711 1.60267 1.45401 0.0877088 -1.46575 -2.43069 1.06478 -0.800987 -2.14146 0.0407149 -0.50741 -0.575878 3.98535 -1.55049 0.180335 -0.0420428 -0.0116777 -0.237507 0.213369 -0.77825 -0.771279 -0.738537 -0.681594 1.46233 1.44625 1.82717 1.51865 -0.0571906 -0.0269206 -0.360681 0.269561 -0.783064 -0.770249 -0.692086 -0.650897 1.42227 1.39355 1.76278 1.47572 -0.0755514 -0.0526615 -0.49107 0.306887 -0.789558 -0.783325 -0.653952 -0.641291 1.37293 1.36647 1.67582 1.45115 -0.436837 -0.441004 -3.23741 1.16938 -0.137288 0.0405021 1.14495 0.578445 -1.0839 -1.4698 -2.00053 -0.946947 -0.428328 -0.896499 -3.17057 0.866335 -0.184146 -0.921348 0.732123 -0.0310913 -1.31677 0.764052 -2.11052 -0.242882 2.56592 -2.03128 -6.9249 -0.905302 -0.677701 -2.24747 0.454371 -0.347305 -12 -8.62221 -2.31428 -1.76413 4.98126 -5.26394 -6.03447 -0.133377 -4.22978 -4.22308 -2.29502 -2.135 -8.94171 2.9615 -2.21964 -0.639459 0 0 0 -3.1183 0.209961 -0.0690186 1.14815 -10.9084 -1.25834 -0.0538484 -0.176757 -0.676672 0.397451 -0.8686 -0.948364 -0.65627 -0.68307 1.34636 1.67956 1.55855 1.46248 1.24264 -2.14324 -1.48701 1.53581 -2.13337 -2.56497 -0.618845 -0.774825 1.47037 5.98849 -0.787397 0.196372 -0.0571906 -0.0269206 -0.360681 0.269561 -0.783064 -0.770249 -0.692086 -0.650897 1.42227 1.39355 1.76278 1.47572 -0.0755514 -0.0526615 -0.49107 0.306887 -0.789558 -0.783325 -0.653952 -0.641291 1.37293 1.36647 1.67582 1.45115 -0.0838972 -0.103055 -0.604086 0.343625 -0.806691 -0.85033 -0.641046 -0.655462 1.32934 1.4711 1.60267 1.45401 -0.428328 -0.896499 -3.17057 0.866335 -0.184146 -0.921348 0.732123 -0.0310913 -1.31677 0.764052 -2.11052 -0.242882 0.0877088 -1.46575 -2.43069 1.06478 -0.800987 -2.14146 0.0407149 -0.50741 -0.575878 3.98535 -1.55049 0.180335 4.98126 -5.26394 -6.03447 -0.133377 -4.22978 -4.22308 -2.29502 -2.135 -8.94171 2.9615 -2.21964 -0.639459 5.99954 -7.40263 -6.00244 2.25535 -7.38951 -3.50812 -3.24422 -2.86279 -2.89084 7.90821 -1.97269 -0.618193 0 0 0 -3.11502 0.255559 -0.0581596 3.25211 -11.5656 -1.65346 0.0289036 -0.286725 -0.719063 0.470274 -0.988255 -1.04109 -0.692724 -0.718818 1.45352 1.93704 1.54108 1.46979 2.61008 -3.14382 -0.835174 1.98996 -3.53873 -2.01357 -1.05036 -0.957618 3.48863 6.55661 -0.242523 0.20398 -0.0755514 -0.0526615 -0.49107 0.306887 -0.789558 -0.783325 -0.653952 -0.641291 1.37293 1.36647 1.67582 1.45115 -0.0838972 -0.103055 -0.604086 0.343625 -0.806691 -0.85033 -0.641046 -0.655462 1.32934 1.4711 1.60267 1.45401 -0.0538484 -0.176757 -0.676672 0.397451 -0.8686 -0.948364 -0.65627 -0.68307 1.34636 1.67956 1.55855 1.46248 0.0877088 -1.46575 -2.43069 1.06478 -0.800987 -2.14146 0.0407149 -0.50741 -0.575878 3.98535 -1.55049 0.180335 1.24264 -2.14324 -1.48701 1.53581 -2.13337 -2.56497 -0.618845 -0.774825 1.47037 5.98849 -0.787397 0.196372 5.99954 -7.40263 -6.00244 2.25535 -7.38951 -3.50812 -3.24422 -2.86279 -2.89084 7.90821 -1.97269 -0.618193 7.43742 -9.5882 -6.48541 4.62232 -10.1841 -1.60865 -2.92567 -3.02946 1.99011 11.246 -1.01276 -0.518831 0 0 0 -3.1103 0.303944 -0.0403921 4.18258 -12.155 -1.70309 0.1727 -0.44291 -0.740917 0.556949 -1.15912 -1.09161 -0.740608 -0.760749 1.61753 2.19501 1.53866 1.48036 4.19005 -4.38039 -0.397684 2.07387 -4.68742 -0.697517 -1.26048 -1.11593 4.44169 6.28734 0.0550099 0.384323 -0.0838972 -0.103055 -0.604086 0.343625 -0.806691 -0.85033 -0.641046 -0.655462 1.32934 1.4711 1.60267 1.45401 -0.0538484 -0.176757 -0.676672 0.397451 -0.8686 -0.948364 -0.65627 -0.68307 1.34636 1.67956 1.55855 1.46248 0.0289036 -0.286725 -0.719063 0.470274 -0.988255 -1.04109 -0.692724 -0.718818 1.45352 1.93704 1.54108 1.46979 1.24264 -2.14324 -1.48701 1.53581 -2.13337 -2.56497 -0.618845 -0.774825 1.47037 5.98849 -0.787397 0.196372 2.61008 -3.14382 -0.835174 1.98996 -3.53873 -2.01357 -1.05036 -0.957618 3.48863 6.55661 -0.242523 0.20398 7.43742 -9.5882 -6.48541 4.62232 -10.1841 -1.60865 -2.92567 -3.02946 1.99011 11.246 -1.01276 -0.518831 9.78849 -12 -8.12747 5.89924 -11.8712 1.51794 -2.24457 -2.94873 4.73027 12 -0.387606 -0.098318 0 0 0 -3.10618 0.351648 -0.0227175 4.61293 -11.5572 -0.968574 0.38044 -0.623308 -0.749072 0.620346 -1.3653 -1.06581 -0.79043 -0.81075 1.7964 2.42078 1.54406 1.50557 5.86652 -3.97332 -0.096819 1.32737 -5.38976 1.62098 -1.17857 -1.33623 4.4517 5.07141 0.15625 0.775637 -0.0538484 -0.176757 -0.676672 0.397451 -0.8686 -0.948364 -0.65627 -0.68307 1.34636 1.67956 1.55855 1.46248 0.0289036 -0.286725 -0.719063 0.470274 -0.988255 -1.04109 -0.692724 -0.718818 1.45352 1.93704 1.54108 1.46979 0.1727 -0.44291 -0.740917 0.556949 -1.15912 -1.09161 -0.740608 -0.760749 1.61753 2.19501 1.53866 1.48036 2.61008 -3.14382 -0.835174 1.98996 -3.53873 -2.01357 -1.05036 -0.957618 3.48863 6.55661 -0.242523 0.20398 4.19005 -4.38039 -0.397684 2.07387 -4.68742 -0.697517 -1.26048 -1.11593 4.44169 6.28734 0.0550099 0.384323 9.78849 -12 -8.12747 5.89924 -11.8712 1.51794 -2.24457 -2.94873 4.73027 12 -0.387606 -0.098318 11.7314 -12 -10.1896 6.65983 -12 4.08212 -2.05435 -2.83794 6.32273 12 -0.0246413 0.206383 0 0 0 -3.10588 0.395055 -0.00208613 4.7448 -10.2167 0.140999 0.64219 -0.742887 -0.747557 0.659644 -1.586 -0.944913 -0.833059 -0.866422 1.956 2.60268 1.55428 1.53635 6.25555 -2.46619 0.103831 0.793853 -5.33212 3.81006 -1.04015 -1.33503 3.47232 4.29733 0.409605 0.637888 0.0289036 -0.286725 -0.719063 0.470274 -0.988255 -1.04109 -0.692724 -0.718818 1.45352 1.93704 1.54108 1.46979 0.1727 -0.44291 -0.740917 0.556949 -1.15912 -1.09161 -0.740608 -0.760749 1.61753 2.19501 1.53866 1.48036 0.38044 -0.623308 -0.749072 0.620346 -1.3653 -1.06581 -0.79043 -0.81075 1.7964 2.42078 1.54406 1.50557 4.19005 -4.38039 -0.397684 2.07387 -4.68742 -0.697517 -1.26048 -1.11593 4.44169 6.28734 0.0550099 0.384323 5.86652 -3.97332 -0.096819 1.32737 -5.38976 1.62098 -1.17857 -1.33623 4.4517 5.07141 0.15625 0.775637 11.7314 -12 -10.1896 6.65983 -12 4.08212 -2.05435 -2.83794 6.32273 12 -0.0246413 0.206383 12 -12 -12 7.59181 -12 6.02895 -2.01335 -2.47064 7.28624 12 0.518734 0.42227 0 0 0 -3.10734 0.431163 0.0104596 2.52771 -8.39774 0.474582 0.831019 -0.814037 -0.740334 0.681269 -1.7799 -0.752617 -0.874977 -0.913318 2.07459 2.76433 1.57945 1.55344 3.90006 -1.41289 0.220352 0.407664 -4.65436 5.34223 -1.05732 -1.08227 2.89927 3.93325 0.74495 0.343315 0.1727 -0.44291 -0.740917 0.556949 -1.15912 -1.09161 -0.740608 -0.760749 1.61753 2.19501 1.53866 1.48036 0.38044 -0.623308 -0.749072 0.620346 -1.3653 -1.06581 -0.79043 -0.81075 1.7964 2.42078 1.54406 1.50557 0.64219 -0.742887 -0.747557 0.659644 -1.586 -0.944913 -0.833059 -0.866422 1.956 2.60268 1.55428 1.53635 5.86652 -3.97332 -0.096819 1.32737 -5.38976 1.62098 -1.17857 -1.33623 4.4517 5.07141 0.15625 0.775637 6.25555 -2.46619 0.103831 0.793853 -5.33212 3.81006 -1.04015 -1.33503 3.47232 4.29733 0.409605 0.637888 12 -12 -12 7.59181 -12 6.02895 -2.01335 -2.47064 7.28624 12 0.518734 0.42227 12 -12 -12 8.5517 -12 6.80183 -2.05183 -1.84184 7.78063 12 0.92823 0.459482 0 0 0 -3.10924 0.461779 0.0159735 1.08596 -7.2504 0.545626 0.943611 -0.851311 -0.72961 0.69076 -1.95973 -0.51616 -0.917537 -0.952441 2.19574 2.89985 1.61281 1.56572 2.23778 -0.676993 0.292037 0.14797 -4.43558 6.21283 -1.06406 -0.932734 3.1715 2.92245 0.881326 0.320802 0.38044 -0.623308 -0.749072 0.620346 -1.3653 -1.06581 -0.79043 -0.81075 1.7964 2.42078 1.54406 1.50557 0.64219 -0.742887 -0.747557 0.659644 -1.586 -0.944913 -0.833059 -0.866422 1.956 2.60268 1.55428 1.53635 0.831019 -0.814037 -0.740334 0.681269 -1.7799 -0.752617 -0.874977 -0.913318 2.07459 2.76433 1.57945 1.55344 6.25555 -2.46619 0.103831 0.793853 -5.33212 3.81006 -1.04015 -1.33503 3.47232 4.29733 0.409605 0.637888 3.90006 -1.41289 0.220352 0.407664 -4.65436 5.34223 -1.05732 -1.08227 2.89927 3.93325 0.74495 0.343315 12 -12 -12 8.5517 -12 6.80183 -2.05183 -1.84184 7.78063 12 0.92823 0.459482 12 -12 -12 8.93255 -12 8.26425 -2.15325 -1.45693 8.36526 12 1.23016 0.556493 0 0 0 -3.11156 0.488575 0.0172538 0.377686 -6.38496 0.689703 1.003 -0.865308 -0.716829 0.692146 -2.1354 -0.250791 -0.959107 -0.990143 2.33612 2.99313 1.65115 1.5848 1.08698 -0.179234 0.332565 -0.0236636 -4.36403 6.7881 -1.0144 -0.943308 3.64444 2.0229 0.970431 0.5368 0.64219 -0.742887 -0.747557 0.659644 -1.586 -0.944913 -0.833059 -0.866422 1.956 2.60268 1.55428 1.53635 0.831019 -0.814037 -0.740334 0.681269 -1.7799 -0.752617 -0.874977 -0.913318 2.07459 2.76433 1.57945 1.55344 0.943611 -0.851311 -0.72961 0.69076 -1.95973 -0.51616 -0.917537 -0.952441 2.19574 2.89985 1.61281 1.56572 3.90006 -1.41289 0.220352 0.407664 -4.65436 5.34223 -1.05732 -1.08227 2.89927 3.93325 0.74495 0.343315 2.23778 -0.676993 0.292037 0.14797 -4.43558 6.21283 -1.06406 -0.932734 3.1715 2.92245 0.881326 0.320802 12 -12 -12 8.93255 -12 8.26425 -2.15325 -1.45693 8.36526 12 1.23016 0.556493 12 -12 -12 9.15484 -12 9.99432 -2.05084 -1.7265 9.03042 12 1.4911 0.715586 0 0 0 -3.11485 0.512534 0.0165784 0.176112 -5.76089 0.909571 1.02594 -0.86389 -0.703044 0.688341 -2.30803 0.0225428 -0.998012 -1.02804 2.48634 3.05829 1.68879 1.6092 0.304055 0.146486 0.349399 -0.131671 -4.28744 6.83378 -0.960846 -0.958458 3.8283 1.42287 0.919946 0.681737 0.831019 -0.814037 -0.740334 0.681269 -1.7799 -0.752617 -0.874977 -0.913318 2.07459 2.76433 1.57945 1.55344 0.943611 -0.851311 -0.72961 0.69076 -1.95973 -0.51616 -0.917537 -0.952441 2.19574 2.89985 1.61281 1.56572 1.003 -0.865308 -0.716829 0.692146 -2.1354 -0.250791 -0.959107 -0.990143 2.33612 2.99313 1.65115 1.5848 2.23778 -0.676993 0.292037 0.14797 -4.43558 6.21283 -1.06406 -0.932734 3.1715 2.92245 0.881326 0.320802 1.08698 -0.179234 0.332565 -0.0236636 -4.36403 6.7881 -1.0144 -0.943308 3.64444 2.0229 0.970431 0.5368 12 -12 -12 9.15484 -12 9.99432 -2.05084 -1.7265 9.03042 12 1.4911 0.715586 12 -12 -12 9.2791 -12 11.4693 -2.01343 -2.17166 9.74184 12 1.78555 1.02943 0 0 0 -3.11932 0.534534 0.0150181 0.179741 -5.34849 1.12856 1.02445 -0.852563 -0.68903 0.681336 -2.47708 0.290705 -1.03659 -1.0666 2.64196 3.10461 1.72336 1.64083 -0.214218 0.352835 0.349222 -0.197109 -4.18369 6.59201 -0.987771 -0.965584 3.9393 1.0186 0.826627 0.898738 0.943611 -0.851311 -0.72961 0.69076 -1.95973 -0.51616 -0.917537 -0.952441 2.19574 2.89985 1.61281 1.56572 1.003 -0.865308 -0.716829 0.692146 -2.1354 -0.250791 -0.959107 -0.990143 2.33612 2.99313 1.65115 1.5848 1.02594 -0.86389 -0.703044 0.688341 -2.30803 0.0225428 -0.998012 -1.02804 2.48634 3.05829 1.68879 1.6092 1.08698 -0.179234 0.332565 -0.0236636 -4.36403 6.7881 -1.0144 -0.943308 3.64444 2.0229 0.970431 0.5368 0.304055 0.146486 0.349399 -0.131671 -4.28744 6.83378 -0.960846 -0.958458 3.8283 1.42287 0.919946 0.681737 12 -12 -12 9.2791 -12 11.4693 -2.01343 -2.17166 9.74184 12 1.78555 1.02943 12 -12 -12 9.02083 -12 12 -2.56567 -2.20431 10.1848 12 1.71085 1.42649 0 0 0 -3.12557 0.561978 0.0123087 0.0103009 -5.68982 1.08371 1.00112 -0.830097 -0.67209 0.670161 -2.67943 0.554183 -1.09185 -1.11393 2.8347 3.14435 1.76181 1.69093 -0.603313 0.500679 0.329547 -0.235921 -3.94224 4.14409 -1.20781 -0.929268 3.56393 0.66495 0.737325 1.05303 1.003 -0.865308 -0.716829 0.692146 -2.1354 -0.250791 -0.959107 -0.990143 2.33612 2.99313 1.65115 1.5848 1.02594 -0.86389 -0.703044 0.688341 -2.30803 0.0225428 -0.998012 -1.02804 2.48634 3.05829 1.68879 1.6092 1.02445 -0.852563 -0.68903 0.681336 -2.47708 0.290705 -1.03659 -1.0666 2.64196 3.10461 1.72336 1.64083 0.304055 0.146486 0.349399 -0.131671 -4.28744 6.83378 -0.960846 -0.958458 3.8283 1.42287 0.919946 0.681737 -0.214218 0.352835 0.349222 -0.197109 -4.18369 6.59201 -0.987771 -0.965584 3.9393 1.0186 0.826627 0.898738 12 -12 -12 9.02083 -12 12 -2.56567 -2.20431 10.1848 12 1.71085 1.42649 12 -12 -12 8.1511 -12 12 -3.33709 -1.80564 10.6351 12 1.53595 2.12304 0 0 0 -3.12882 0.585869 0.0105227 -0.0468824 -6.1106 0.559218 0.972326 -0.80852 -0.659434 0.660473 -2.80038 0.676589 -1.14549 -1.14843 2.94799 3.16617 1.78824 1.73264 -0.775702 0.556775 0.307725 -0.244498 -2.53194 2.48358 -1.40568 -0.826764 2.44943 0.482261 0.621649 1.02459 1.02594 -0.86389 -0.703044 0.688341 -2.30803 0.0225428 -0.998012 -1.02804 2.48634 3.05829 1.68879 1.6092 1.02445 -0.852563 -0.68903 0.681336 -2.47708 0.290705 -1.03659 -1.0666 2.64196 3.10461 1.72336 1.64083 1.00112 -0.830097 -0.67209 0.670161 -2.67943 0.554183 -1.09185 -1.11393 2.8347 3.14435 1.76181 1.69093 -0.214218 0.352835 0.349222 -0.197109 -4.18369 6.59201 -0.987771 -0.965584 3.9393 1.0186 0.826627 0.898738 -0.603313 0.500679 0.329547 -0.235921 -3.94224 4.14409 -1.20781 -0.929268 3.56393 0.66495 0.737325 1.05303 12 -12 -12 8.1511 -12 12 -3.33709 -1.80564 10.6351 12 1.53595 2.12304 12 -12 -12 8.17536 -12 12 -3.547 -1.7951 10.9742 12 1.55928 2.33112
