cmd 0 0 0
base_rpy -3.1103 0.303944 -0.0403921
projected_gravity -0.299286 0.0385302 -0.953385
body_omega 4.18258 -12.155 -1.70309
base_acc -5.51791 -13.9059 47.0645
omega_world 3.96894 -12.3441 0.0964162
base_quat_wxyz 0.988104 -0.0223278 -0.151026 -0.0185208
base_rot_mat 0.953696 0.0433451 -0.297632 -0.0298568 0.998317 0.0497187 0.299286 -0.0385302 0.953385
joint_pos_policy 0.1727 -0.44291 -0.740917 0.556949 -1.15912 -1.09161 -0.740608 -0.760749 1.61753 2.19501 1.53866 1.48036
joint_vel_policy 4.19005 -4.38039 -0.397684 2.07387 -4.68742 -0.697517 -1.26048 -1.11593 4.44169 6.28734 0.0550099 0.384323
obs_contract cmd:3 base_rpy:3 body_omega:3 joint_pos:12 joint_vel:12 joint_pos_history:36 joint_vel_history:24 action_history:24
parity_build_id 2026-02-16-rpy-from-quat-history-abs-noise0-quat-fallback-rpy-actionhist-zero-delay1-rpy-step0-pi-canonical-neg
base_rpy_mode legacy_xyzw_from_rotmat_step0_pi_canonical_neg
history_frame_push_mode single_first_step
action_history_mode training_parity_zero_seed_delay1
history_seed_file_loaded 0
history_seed_file_used 0
history_seed_file_path none
joint_pos_history -0.0838972 -0.103055 -0.604086 0.343625 -0.806691 -0.85033 -0.641046 -0.655462 1.32934 1.4711 1.60267 1.45401 -0.0538484 -0.176757 -0.676672 0.397451 -0.8686 -0.948364 -0.65627 -0.68307 1.34636 1.67956 1.55855 1.46248 0.0289036 -0.286725 -0.719063 0.470274 -0.988255 -1.04109 -0.692724 -0.718818 1.45352 1.93704 1.54108 1.46979
pos_hist -0.0838972 -0.103055 -0.604086 0.343625 -0.806691 -0.85033 -0.641046 -0.655462 1.32934 1.4711 1.60267 1.45401 -0.0538484 -0.176757 -0.676672 0.397451 -0.8686 -0.948364 -0.65627 -0.68307 1.34636 1.67956 1.55855 1.46248 0.0289036 -0.286725 -0.719063 0.470274 -0.988255 -1.04109 -0.692724 -0.718818 1.45352 1.93704 1.54108 1.46979
joint_vel_history 1.24264 -2.14324 -1.48701 1.53581 -2.13337 -2.56497 -0.618845 -0.774825 1.47037 5.98849 -0.787397 0.196372 2.61008 -3.14382 -0.835174 1.98996 -3.53873 -2.01357 -1.05036 -0.957618 3.48863 6.55661 -0.242523 0.20398
vel_hist 1.24264 -2.14324 -1.48701 1.53581 -2.13337 -2.56497 -0.618845 -0.774825 1.47037 5.98849 -0.787397 0.196372 2.61008 -3.14382 -0.835174 1.98996 -3.53873 -2.01357 -1.05036 -0.957618 3.48863 6.55661 -0.242523 0.20398
action_history 7.43742 -9.5882 -6.48541 4.62232 -10.1841 -1.60865 -2.92567 -3.02946 1.99011 11.246 -1.01276 -0.518831 9.78849 -12 -8.12747 5.89924 -11.8712 1.51794 -2.24457 -2.94873 4.73027 12 -0.387606 -0.098318
tgt_hist 7.43742 -9.5882 -6.48541 4.62232 -10.1841 -1.60865 -2.92567 -3.02946 1.99011 11.246 -1.01276 -0.518831 9.78849 -12 -8.12747 5.89924 -11.8712 1.51794 -2.24457 -2.94873 4.73027 12 -0.387606 -0.098318
action_raw 12 -12 -12 7.59181 -12 6.02895 -2.01335 -2.47064 7.28624 12 0.518734 0.42227
action_offset 3 -3 -3 1.89795 -3 1.50724 -0.503337 -0.61766 1.82156 3 0.129684 0.105568
target_joint_pos_policy 2.9846 -2.98401 -3.02213 1.92039 -3.76697 0.73895 -1.2692 -1.38486 3.35917 4.53636 1.67756 1.65236
target_joint_pos 2.9846 -3.76697 3.35917 -2.98401 0.73895 4.53636 -3.02213 -1.2692 1.67756 1.92039 -1.38486 1.65236
joint_limits_lower -0.51777 -2.6433 0.51876 -0.51777 -2.6433 0.51876 -0.51777 -2.6433 0.51876 -0.51777 -2.6433 0.51876
joint_limits_upper 0.51777 0.31086 2.76408 0.51777 0.31086 2.76408 0.51777 0.31086 2.76408 0.51777 0.31086 2.76408
effort_limits 24 24 36 24 24 36 24 24 36 24 24 36
target_joint_pos_clipped 0.51777 -2.6433 2.76408 -0.51777 0.31086 2.76408 -0.51777 -1.2692 1.67756 0.51777 -1.38486 1.65236
pd_tau_raw 53.3049 -48.8758 31.7237 -47.7558 37.0994 42.4259 -45.3459 -9.68955 2.73957 25.8172 -11.7011 3.17087
pd_tau_clipped 24 -24 31.7237 -24 24 36 -24 -9.68955 2.73957 24 -11.7011 3.17087
obs_flat 0 0 0 -3.1103 0.303944 -0.0403921 4.18258 -12.155 -1.70309 0.1727 -0.44291 -0.740917 0.556949 -1.15912 -1.09161 -0.740608 -0.760749 1.61753 2.19501 1.53866 1.48036 4.19005 -4.38039 -0.397684 2.07387 -4.68742 -0.697517 -1.26048 -1.11593 4.44169 6.28734 0.0550099 0.384323 -0.0838972 -0.103055 -0.604086 0.343625 -0.806691 -0.85033 -0.641046 -0.655462 1.32934 1.4711 1.60267 1.45401 -0.0538484 -0.176757 -0.676672 0.397451 -0.8686 -0.948364 -0.65627 -0.68307 1.34636 1.67956 1.55855 1.46248 0.0289036 -0.286725 -0.719063 0.470274 -0.988255 -1.04109 -0.692724 -0.718818 1.45352 1.93704 1.54108 1.46979 1.24264 -2.14324 -1.48701 1.53581 -2.13337 -2.56497 -0.618845 -0.774825 1.47037 5.98849 -0.787397 0.196372 2.61008 -3.14382 -0.835174 1.98996 -3.53873 -2.01357 -1.05036 -0.957618 3.48863 6.55661 -0.242523 0.20398 7.43742 -9.5882 -6.48541 4.62232 -10.1841 -1.60865 -2.92567 -3.02946 1.99011 11.246 -1.01276 -0.518831 9.78849 -12 -8.12747 5.89924 -11.8712 1.51794 -2.24457 -2.94873 4.73027 12 -0.387606 -0.098318 0 0 0 0 0 0 0 0 0 0 0 0 0 0 0 0 0 0 0 0 0 0 0 0 0 0 0 0 0 0 0 0 0 0 0 0 0 0 0 0 0 0 0 0 0 0 0 0 0 0 0 0 0 0 0 0 0 0 0 0 0 0 0 0 0 0 0 0 0 0 0 0 0 0 0 0 0 0 0 0 0 0 0 0 0 0 0 0 0 0 0 0 0 0 0 0 0 0 0 0 0 0 0 0 0 0 0 0 0 0 0 0 0 0 0 0 0 0 0 0 0 0 0 0 0 0 0 0 0 0 0 0 0 0 0 0 0 0 0 0 0 0 0 0 0 0 0 0 0 0 0 0 0 0 0 0 0 0 0 0 0 0 0 0 0 0 0 0 0 0 0 0 0 0 0 0 0 0 0 0 0 0 0 0 0 0 0 0 0 0 0 0 0 0 0 0 0 0 0 0 0 0 0 0 0 0 0 0 0 0 0 0 0 0 0 0 0 0 0 0 0 0 0 0 0 0 0 0 0 0 0 0 0 0 0 0 0 0 0 0 0 0 0 0 0 0 0 0 0 0 0 0 0 0 0 0 0 0 0 0 0 0 0 0 0 0 0 0 0 0 0 0 0 0 0 0 0 0 0 0 0 0 0 0 0 0 0 0 0 0 0 0 0 0 0 0 0 0 0 0 0 0 0 0 0 0 0 0 0 0 0 0 0 0 0 0 0 0 0 0 0 0 0 0 0 0 0 0 0 0 0 0 0 0 0 0 0 0 0 0 0 0 0 0 0 0 0 0 0 0 0 0 0 0 0 0 0 0 0 0 0 0 0 0 0 0 0 0 0 0 0 0 0 0 0 0 0 0 0 0 0 0 0 0 0 0 0 0 0 0 0 0 0 0 0 0 0 0 0 0 0 0 0 0 0 0 0 0 0 0 0 0 0 0 0 0 0 0 0 0 0 0 0 0 0 0 0 0 0 0 0 0 0 0 0 0 0 0 0 0 0 0 0 0 0 0 0 0 0 0 0 0 0 0 0 0 0 0 0 0 0 0 0 0 0 0 0 0 0 0 0 0 0 0 0 0 0 0 0 0 0 0 0 0 0 0 0 0 0 0 0 0 0 0 0 0 0 0 0 0 0 0 0 0 0 0 0 0 0 0 0 0 0 0 0 0 0 0 0 0 0 0 0 0 0 0 0 0 0 0 0 0 0 0 0 0 0 0 0 0 0 0 0 0 0 0 0 0 0 0 0 0 0 0 0 0 0 0 0 0 0 0 0 0 0 0 0 0 0 0 0 0 0 0 0 0 0 0 0 0 0 0 0 0 0 0 0 0 0 0 0 0 0 0 0 0 0 0 0 0 0 0 0 0 0 0 0 0 0 0 0 0 0 0 0 0 0 0 0 0 0 0 0 0 0 0 0 0 0 0 0 0 0 0 0 0 0 0 0 0 0 0 0 0 0 0 0 0 0 0 0 0 0 0 0 0 0 0 0 0 0 0 0 0 0 0 0 0 0 0 0 0 0 0 0 0 0 0 0 0 0 0 0 0 0 0 0 0 0 0 0 0 0 0 0 0 0 0 0 0 0 0 0 0 0 0 0 0 0 0 0 0 0 0 0 0 0 0 0 0 0 0 0 0 0 0 0 0 0 0 0 0 0 0 0 0 0 0 0 0 0 0 0 0 0 0 0 0 0 0 0 0 0 0 0 0 0 0 0 0 0 0 0 0 0 0 0 0 0 0 0 0 0 0 0 0 0 0 0 0 0 0 0 0 0 0 0 0 0 0 0 0 0 0 0 0 0 0 0 0 0 0 0 0 0 0 0 0 0 0 0 0 0 0 0 0 0 0 0 0 0 0 0 0 0 0 0 0 0 0 0 0 0 0 0 0 0 0 0 0 0 0 0 0 0 0 0 0 0 0 0 0 0 0 0 0 0 0 0 0 0 0 0 0 0 0 0 0 0 0 0 0 0 0 0 0 0 0 0 0 0 0 0 0 0 0 0 0 0 0 0 0 0 0 0 0 0 0 0 0 0 0 0 0 0 0 0 0 0 0 0 0 0 0 0 0 0 0 0 0 0 0 0 0 0 0 0 0 0 0 0 0 0 0 0 0 0 0 0 0 0 0 0 0 0 0 0 0 0 0 0 0 0 0 0 0 0 0 0 0 0 0 0 0 0 0 0 0 0 0 0 0 0 0 0 0 0 0 0 0 0 0 0 0 0 0 0 0 0 0 0 0 0 0 0 0 0 0 0 0 0 0 0 0 0 0 0 0 0 0 0 0 0 0 0 0 0 0 0 0 0 0 0 0 0 0 0 0 0 0 0 0 0 0 0 0 0 0 0 0 0 0 0 0 0 0 0 0 0 0 0 0 0 0 0 0 0 0 0 0 0 0 0 0 0 0 0 0 0 0 0 0 0 0 0 0 0 0 0 0 0 0 0 0 0 0 0 0 0 0 0 0 0 0 0 0 0 0 0 0 0 0 0 0 0 0 0 0 0 0 0 0 0 0 0 0 0 0 0 0 0 0 0 0 0 0 0 0 0 0 0 0 0 0 0 0 0 0 0 0 0 0 0 0 0 0 0 0 0 0 0 0 0 0 0 0 0 0 0 0 0 0 0 0 0 0 0 0 0 0 0 0 0 0 0 0 0 0 0 0 0 0 0 0 0 0 0 0 0 0 0 0 0 0 0 0 0 0 0 0 0 0 0 0 0 0 0 0 0 0 0 0 0 0 0 0 0 0 0 0 0 0 0 0 0 0 0 0 0 0 0 0 0 0 0 0 0 0 0 0 0 0 0 0 0 0 0 0 0 0 0 0 0 0 0 0 0 0 0 0 0 0 0 0 0 0 0 0 0 0 0 0 0 0 0 0 0 0 0 0 0 0 0 0 0 0 0 0 0 0 0 0 0 0 0 0 0 0 0 0 0 0 0 0 0 0 0 0 0 0 0 0 0 0 0 0 0 0 0 0 0 0 0 0 0 0 0 0 0 0 0 0 0 0 0 0 0 0 0 0 0 0 0 0 0 0 0 0 0 0 0 0 0 0 0 0 0 0 0 0 0 0 0 0 0 0 0 0 0 0 0 0 0 0 0 0 0 0 0 0 0 0 0 0 0 0 0 0 0 0 0 0 0 0 0 0 0 0 0 0 0 0 0 0 0 0 0 0 0 0 0 0 0 0 0 0 0 0 0 0 0 0 0 0 0 0 0 0 0 0 0 0 0 0 0 0 0 0 0 0 0 0 0 0 0 0 0 0 0 0 0 0 0 0 0 0 0 0 0 0 0 0 0 0 0 0 0 0 0 0 0 0 0 0 0 0 0 0 0 0 0 0 0 0 0 0 0 0 0 0 0 0 0 0 0 0 0 0 0 0 0 0 0 0 0 0 0 0 0 0 0 0 0 0 0 0 0 0 0 0 0 0 0 0 0 0 0 0 0 0 0 0 0 0 0 0 0 0 0 0 0 0 0 0 0 0 0 0 0 0 0 0 0 0 0 0 0 0 0 0 0 0 0 0 0 0 0 0 0 0 0 0 0 0 0 0 0 0 0 0 0 0 0 0 0 0 0 0 0 0 0 0 0 0 0 0 0 0 0 0 0 0 0 0 0 0 0 0 0 0 0 0 0 0 0 0 0 0 0 0 0 0 0 0 0 0 0 0 0 0 0 0 0 0 0 0 0 0 0 0 0 0 0 0 0 0 0 0 0 0 0 0 0 0 0 0 0 0 0 0 0 0 0 0 0 0 0 0 0 0 0 0 0 0 0 0 0 0 0 0 0 0 0 0 0 0 0 0 0 0 0 0 0 0 0 0 0 0 0 0 0 0 0 0 0 0 0 0 0 0 0 0 0 0 0 0 0 0 0 0 0 0 0 0 0 0 0 0 0 0 0 0 0 0 0 0 0 0 0 0 0 0 0 0 0 0 0 0 0 0 0 0 0 0 0 0 0 0 0 0 0 0 0 0 0 0 0 0 0 0 0 0 0 0 0 0 0 0 0 0 0 0 0 0 0 0 0 0 0 0 0 0 0 0 0 0 0 0 0 0 0 0 0 0 0 0 0 0 0 0 0 0 0 0 0 0 0 0 0 0 0 0 0 0 0 0 0 0 0 0 0 0 0 0 0 0 0 0 0 0 0 0 0 0 0 0 0 0 0 0 0 0 0 0 0 0 0 0 0 0 0 0 0 0 0 0 0 0 0 0 0 0 0 0 0 0 0 0 0 0 0 0 0 0 0 0 0 0 0 0 0 0 0 0 0 0 0 0 0 0 0 0 0 0 0 0 0 0 0 0 0 0 0 0 0 0 0 0 0 0 0 0 0 0 0 0 0 0 0 0 0 0 0 0 0 0 0 0 0 0 0 0 0 0 0 0 0 0 0 0 0 0 0 0 0 0 0 0 0 0 0 0 0 0 0 0 0 0 0 0 0 0 0 0 0 0 0 0 0 0 0 0 0 0 0 0 0 0 0 0 0 0 0 0 0 0 0 0 0 0 0 0 0 0 0 0 0 0 0 0 0 0 0 0 0 0 0 0 0 0 0 0 0 0 0 0 0 0 0 0 0 0 0 0 0 0 0 0 0 0 0 0 0 0 0 0 0 0 0 0 0 0 0 0 0 0 0 0 0 0 0 0 0 0 0 0 0 0 0 0 0 0 0 0 0 0 0 0 0 0 0 0 0 0 0 0 0 0 0 0 0 0 0 0 0 0 0 0 0 0 0 0 0 0 0 0 0 0 0 0 0 0 0 0 0 0 0 0 0 0 0 0 0 0 0 0 0 0 0 0 0 0 0 0 0 0 0 0 0 0 0 0 0 0 0 0 0 0 0 0 0 0 0 0 0 0 0 0 0 0 0 0 0 0 0 0 0 0 0 0 0 0 0 0 0 0 0 0 0 0 0 0 0 0 0 0 0 0 0 0 0 0 0 0 0 0 0 0 0 0 0 0 0 0 0 0 0 0 0 0 0 0 0 0 0 0 0 0 0 0 0 0 0 0 0 0 0 0 0 0 0 0 0 0 0 0 0 0 0 0 0 0 0 0 0 0 0 0 0 0 0 0 0 0 0 0 0 0 0 0 0 0 0 0 0 0 0 0 0 0 0 0 0 0 0 0 0 0 0 0 0 0 0 0 0 0 0 0 0 0 0 0 0 0 0 0 0 0 0 0 0 0 0 0 0 0 0 0 0 0 0 0 0 0 0 0 0 0 0 0 0 0 0 0 0 0 0 0 0 0 0 0 0 0 0 0 0 0 0 0 0 0 0 0 0 0 0 0 0 0 0 0 0 0 0 0 0 0 0 0 0 0 0 0 0 0 0 0 0 0 0 0 0 0 0 0 0 0 0 0 0 0 0 0 0 0 0 0 0 0 0 0 0 0 0 0 0 0 0 0 0 0 0 0 0 0 0 0 0 0 0 0 0 0 0 0 0 0 0 0 0 0 0 0 0 0 0 0 0 0 0 0 0 0 0 0 0 0 0 0 0 0 0 0 0 0 0 0 0 0 0 0 0 0 0 0 0 0 0 0 0 0 0 0 0 0 0 0 0 0 0 0 0 0 0 0 0 0 0 0 0 0 0 0 0 0 0 0 0 0 0 0 0 0 0 0 0 0 0 0 0 0 0 0 0 0 0 0 0 0 0 0 0 0 0 0 0 0 0 0 0 0 0 0 0 0 0 0 0 0 0 0 0 0 0 0 0 0 0 0 0 0 0 0 0 0 0 0 0 0 0 0 0 0 0 0 0 0 0 0 0 0 0 0 0 0 0 0 0 0 0 0 0 0 0 0 0 0 0 0 0 0 0 0 0 0 0 0 0 0 0 0 0 0 0 0 0 0 0 0 0 0 0 0 0 0 0 0 0 0 0 0 0 0 0 0 0 0 0 0 0 0 0 0 0 0 0 0 0 0 0 0 0 0 0 0 0 0 0 0 0 0 0 0 0 0 0 0 0 0 0 0 0 0 0 0 0 0 0 0 0 0 0 0 0 0 0 0 0 0 0 0 0 0 0 0 0 0 0 0 0 0 0 0 0 0 0 0 0 0 0 0 0 0 0 0 0 0 0 0 0 0 0 0 0 0 0 0 0 0 0 0 0 0 0 0 0 0 0 0 0 0 0 0 0 0 0 0 0 0 0 0 0 0 0 0 0 0 0 0 0 0 0 0 0 0 0 0 0 0 0 0 0 0 0 0 0 0 0 0 0 0 0 0 0 0 0 0 0 0 0 0 0 0 0 0 0 0 0 0 0 0 0 0 0 0 0 0 0 0 0 0 0 0 0 0 0 0 0 0 0 0 0 0 0 0 0 0 0 0 0 0 0 0 0 0 0 0 0 0 0 0 0 0 0 0 0 0 0 0 0 0 0 0 0 0 0 0 0 0 0 0 0 0 0 0 0 0 0 0 0 0 0 0 0 0 0 0 0 0 0 0 0 0 0 0 0 0 0 0 0 0 0 0 0 0 0 0 0 0 0 0 0 0 0 0 0 0 0 0 0 0 0 0 0 0 0 0 0 0 0 0 0 0 0 0 0 0 0 0 0 0 0 0 0 0 0 0 0 0 0 0 0 0 0 0 0 0 0 0 0 0 0 0 0 0 0 0 0 0 0 0 0 0 0 0 0 0 0 0 0 0 0 0 0 0 0 0 0 0 0 0 0 0 0 0 0 0 0 0 0 0 0 0 0 0 0 0 0 0 0 0 0 0 0 0 0 0 0 0 0 0 0 0 0 0 0 0 0 0 0 0 0 0 0 0 0 0 0 0 0 0 0 0 0 0 0 0 0 0 0 0 0 0 0 0 0 0 0 0 0 0 0 0 0 0 0 0 0 0 0 0 0 0 0 0 0 0 0 0 0 0 0 0 0 0 0 0 0 0 0 0 0 0 0 0 0 0 0 0 0 0 0 0 0 0 0 0 0 0 0 0 0 0 0 0 0 0 0 0 0 0 0 0 0 0 0 0 0 0 0 0 0 0 0 0 0 0 0 0 0 0 0 0 0 0 0 0 0 0 0 0 0 0 0 0 0 0 0 0 0 0 0 0 0 0 0 0 0 0 0 0 0 0 0 0 0 0 0 0 0 0 0 0 0 0 0 0 0 0 0 0 0 0 0 0 0 0 0 0 0 0 0 0 0 0 0 0 0 0 0 0 0 0 0 0 0 0 0 0 0 0 0 0 0 0 0 0 0 0 0 0 0 0 0 0 0 0 0 0 0 0 0 0 0 0 0 0 0 0 0 0 0 0 0 0 0 0 0 0 0 0 0 0 0 0 0 0 0 0 0 0 0 0 0 0 0 0 0 0 0 0 0 0 0 0 0 0 0 0 0 0 0 0 0 0 0 0 0 0 0 0 0 0 0 0 0 0 0 0 0 0 0 0 0 0 0 0 0 0 0 0 0 0 0 0 0 0 0 0 0 0 0 0 0 0 0 0 0 0 0 0 0 0 0 0 0 0 0 0 0 0 0 0 0 0 0 0 0 0 0 0 0 0 0 0 0 0 0 0 0 0 0 0 0 0 0 0 0 0 0 0 0 0 0 0 0 0 0 0 0 0 0 0 0 0 0 0 0 0 0 0 0 0 0 0 0 0 0 0 0 0 0 0 0 0 0 0 0 0 0 0 0 0 0 0 -3.11643 0.0064217 -0.00044972 -7.66308e-06 9.05777e-06 -2.25002e-05 -0.0154456 0.0160288 -0.0222097 0.0225225 -0.767019 -0.768334 -0.765859 -0.767202 1.5376 1.53635 1.54786 1.54677 -4.81955e-05 4.67627e-05 -8.06083e-05 8.2291e-05 -3.73523e-05 -3.90167e-05 -5.99391e-06 -9.74351e-06 -3.02658e-06 -3.71957e-06 -2.61505e-05 -2.8804e-05 -0.0154456 0.0160288 -0.0222097 0.0225225 -0.767019 -0.768334 -0.765859 -0.767202 1.5376 1.53635 1.54786 1.54677 -0.0154456 0.0160288 -0.0222097 0.0225225 -0.767019 -0.768334 -0.765859 -0.767202 1.5376 1.53635 1.54786 1.54677 -0.0154456 0.0160288 -0.0222097 0.0225225 -0.767019 -0.768334 -0.765859 -0.767202 1.5376 1.53635 1.54786 1.54677 -4.81955e-05 4.67627e-05 -8.06083e-05 8.2291e-05 -3.73523e-05 -3.90167e-05 -5.99391e-06 -9.74351e-06 -3.02658e-06 -3.71957e-06 -2.61505e-05 -2.8804e-05 -4.81955e-05 4.67627e-05 -8.06083e-05 8.2291e-05 -3.73523e-05 -3.90167e-05 -5.99391e-06 -9.74351e-06 -3.02658e-06 -3.71957e-06 -2.61505e-05 -2.8804e-05 0 0 0 0 0 0 0 0 0 0 0 0 0 0 0 0 0 0 0 0 0 0 0 0 0 0 0 -3.11631 0.00787104 -0.00178818 -0.873013 -0.948762 -0.0781345 -0.0169234 0.0144708 -0.0264351 0.0251844 -0.76752 -0.768343 -0.770746 -0.768118 1.53592 1.53378 1.5723 1.55349 -0.0960959 -0.101135 -0.285067 0.176968 -0.0319891 -0.000180557 -0.302391 -0.0569164 -0.110741 -0.167963 1.561 0.43867 -0.0154456 0.0160288 -0.0222097 0.0225225 -0.767019 -0.768334 -0.765859 -0.767202 1.5376 1.53635 1.54786 1.54677 -0.0154456 0.0160288 -0.0222097 0.0225225 -0.767019 -0.768334 -0.765859 -0.767202 1.5376 1.53635 1.54786 1.54677 -0.0154456 0.0160288 -0.0222097 0.0225225 -0.767019 -0.768334 -0.765859 -0.767202 1.5376 1.53635 1.54786 1.54677 -4.81955e-05 4.67627e-05 -8.06083e-05 8.2291e-05 -3.73523e-05 -3.90167e-05 -5.99391e-06 -9.74351e-06 -3.02658e-06 -3.71957e-06 -2.61505e-05 -2.8804e-05 -4.81955e-05 4.67627e-05 -8.06083e-05 8.2291e-05 -3.73523e-05 -3.90167e-05 -5.99391e-06 -9.74351e-06 -3.02658e-06 -3.71957e-06 -2.61505e-05 -2.8804e-05 0 0 0 0 0 0 0 0 0 0 0 0 0 0 0 0 0 0 0 0 0 0 0 0 0 0 0 -3.11566 0.0188593 -0.0091409 -1.69345 -3.00734 -0.170191 -0.025081 0.00586306 -0.0639402 0.058218 -0.770595 -0.768835 -0.78602 -0.758151 1.5223 1.51558 1.69881 1.56852 -0.188284 -0.199776 -1.07336 0.996708 -0.0786033 -0.0201277 -0.198386 0.356643 -0.379932 -0.483298 2.8506 0.240378 -0.0154456 0.0160288 -0.0222097 0.0225225 -0.767019 -0.768334 -0.765859 -0.767202 1.5376 1.53635 1.54786 1.54677 -0.0154456 0.0160288 -0.0222097 0.0225225 -0.767019 -0.768334 -0.765859 -0.767202 1.5376 1.53635 1.54786 1.54677 -0.0169234 0.0144708 -0.0264351 0.0251844 -0.76752 -0.768343 -0.770746 -0.768118 1.53592 1.53378 1.5723 1.55349 -4.81955e-05 4.67627e-05 -8.06083e-05 8.2291e-05 -3.73523e-05 -3.90167e-05 -5.99391e-06 -9.74351e-06 -3.02658e-06 -3.71957e-06 -2.61505e-05 -2.8804e-05 -0.0960959 -0.101135 -0.285067 0.176968 -0.0319891 -0.000180557 -0.302391 -0.0569164 -0.110741 -0.167963 1.561 0.43867 0 0 0 0 0 0 0 0 0 0 0 0 1.62267 -4.30847 -6.11816 10.811 -0.0610975 -2.55409 2.49975 3.14418 -12 -12 6.23657 1.60083 0 0 0 -3.11496 0.0395978 -0.0170778 -1.44916 -4.7508 -0.189216 -0.0341214 -0.00373878 -0.142583 0.134526 -0.775061 -0.770616 -0.776342 -0.72621 1.49464 1.48328 1.82066 1.56471 -0.168757 -0.174686 -1.94301 1.8495 -0.0805983 -0.0313096 0.607203 0.933931 -0.667274 -0.75248 1.40403 -0.663578 -0.0154456 0.0160288 -0.0222097 0.0225225 -0.767019 -0.768334 -0.765859 -0.767202 1.5376 1.53635 1.54786 1.54677 -0.0169234 0.0144708 -0.0264351 0.0251844 -0.76752 -0.768343 -0.770746 -0.768118 1.53592 1.53378 1.5723 1.55349 -0.025081 0.00586306 -0.0639402 0.058218 -0.770595 -0.768835 -0.78602 -0.758151 1.5223 1.51558 1.69881 1.56852 -0.0960959 -0.101135 -0.285067 0.176968 -0.0319891 -0.000180557 -0.302391 -0.0569164 -0.110741 -0.167963 1.561 0.43867 -0.188284 -0.199776 -1.07336 0.996708 -0.0786033 -0.0201277 -0.198386 0.356643 -0.379932 -0.483298 2.8506 0.240378 1.62267 -4.30847 -6.11816 10.811 -0.0610975 -2.55409 2.49975 3.14418 -12 -12 6.23657 1.60083 1.77595 -4.47451 -6.3893 11.0421 -0.242811 -2.68182 2.57278 3.25084 -12 -12 6.25117 1.63008 0 0 0 -3.11484 0.0620335 -0.0239976 -2.33966 -6.14831 -0.0622753 -0.0420428 -0.0116777 -0.237507 0.213369 -0.77825 -0.771279 -0.738537 -0.681594 1.46233 1.44625 1.82717 1.51865 -0.258118 -0.25634 -2.68748 1.8708 -0.0861254 0.0025108 1.11435 1.12368 -0.880249 -1.05842 -0.647614 -1.34602 -0.0169234 0.0144708 -0.0264351 0.0251844 -0.76752 -0.768343 -0.770746 -0.768118 1.53592 1.53378 1.5723 1.55349 -0.025081 0.00586306 -0.0639402 0.058218 -0.770595 -0.768835 -0.78602 -0.758151 1.5223 1.51558 1.69881 1.56852 -0.0341214 -0.00373878 -0.142583 0.134526 -0.775061 -0.770616 -0.776342 -0.72621 1.49464 1.48328 1.82066 1.56471 -0.188284 -0.199776 -1.07336 0.996708 -0.0786033 -0.0201277 -0.198386 0.356643 -0.379932 -0.483298 2.8506 0.240378 -0.168757 -0.174686 -1.94301 1.8495 -0.0805983 -0.0313096 0.607203 0.933931 -0.667274 -0.75248 1.40403 -0.663578 1.77595 -4.47451 -6.3893 11.0421 -0.242811 -2.68182 2.57278 3.25084 -12 -12 6.25117 1.63008 -0.211191 -1.32696 -6.01557 6.61408 -0.485827 -1.38754 2.03388 3.68579 -12 -12 0.969279 -0.986213 0 0 0 -3.11622 0.0909288 -0.038691 -4.27925 -7.87919 0.179004 -0.0571906 -0.0269206 -0.360681 0.269561 -0.783064 -0.770249 -0.692086 -0.650897 1.42227 1.39355 1.76278 1.47572 -0.436837 -0.441004 -3.23741 1.16938 -0.137288 0.0405021 1.14495 0.578445 -1.0839 -1.4698 -2.00053 -0.946947 -0.025081 0.00586306 -0.0639402 0.058218 -0.770595 -0.768835 -0.78602 -0.758151 1.5223 1.51558 1.69881 1.56852 -0.0341214 -0.00373878 -0.142583 0.134526 -0.775061 -0.770616 -0.776342 -0.72621 1.49464 1.48328 1.82066 1.56471 -0.0420428 -0.0116777 -0.237507 0.213369 -0.77825 -0.771279 -0.738537 -0.681594 1.46233 1.44625 1.82717 1.51865 -0.168757 -0.174686 -1.94301 1.8495 -0.0805983 -0.0313096 0.607203 0.933931 -0.667274 -0.75248 1.40403 -0.663578 -0.258118 -0.25634 -2.68748 1.8708 -0.0861254 0.0025108 1.11435 1.12368 -0.880249 -1.05842 -0.647614 -1.34602 -0.211191 -1.32696 -6.01557 6.61408 -0.485827 -1.38754 2.03388 3.68579 -12 -12 0.969279 -0.986213 0.674945 -1.33974 -7.15824 2.1965 0.420894 -0.913775 1.20309 1.59844 -12 -12 -1.46697 -2.00903 0 0 0 -3.11834 0.126386 -0.0570858 -4.23275 -9.42313 -0.0369821 -0.0755514 -0.0526615 -0.49107 0.306887 -0.789558 -0.783325 -0.653952 -0.641291 1.37293 1.36647 1.67582 1.45115 -0.428328 -0.896499 -3.17057 0.866335 -0.184146 -0.921348 0.732123 -0.0310913 -1.31677 0.764052 -2.11052 -0.242882 -0.0341214 -0.00373878 -0.142583 0.134526 -0.775061 -0.770616 -0.776342 -0.72621 1.49464 1.48328 1.82066 1.56471 -0.0420428 -0.0116777 -0.237507 0.213369 -0.77825 -0.771279 -0.738537 -0.681594 1.46233 1.44625 1.82717 1.51865 -0.0571906 -0.0269206 -0.360681 0.269561 -0.783064 -0.770249 -0.692086 -0.650897 1.42227 1.39355 1.76278 1.47572 -0.258118 -0.25634 -2.68748 1.8708 -0.0861254 0.0025108 1.11435 1.12368 -0.880249 -1.05842 -0.647614 -1.34602 -0.436837 -0.441004 -3.23741 1.16938 -0.137288 0.0405021 1.14495 0.578445 -1.0839 -1.4698 -2.00053 -0.946947 0.674945 -1.33974 -7.15824 2.1965 0.420894 -0.913775 1.20309 1.59844 -12 -12 -1.46697 -2.00903 2.56592 -2.03128 -6.9249 -0.905302 -0.677701 -2.24747 0.454371 -0.347305 -12 -8.62221 -2.31428 -1.76413 0 0 0 -3.11944 0.16687 -0.0696718 -1.86209 -10.3505 -0.644367 -0.0838972 -0.103055 -0.604086 0.343625 -0.806691 -0.85033 -0.641046 -0.655462 1.32934 1.4711 1.60267 1.45401 0.0877088 -1.46575 -2.43069 1.06478 -0.800987 -2.14146 0.0407149 -0.50741 -0.575878 3.98535 -1.55049 0.180335 -0.0420428 -0.0116777 -0.237507 0.213369 -0.77825 -0.771279 -0.738537 -0.681594 1.46233 1.44625 1.82717 1.51865 -0.0571906 -0.0269206 -0.360681 0.269561 -0.783064 -0.770249 -0.692086 -0.650897 1.42227 1.39355 1.76278 1.47572 -0.0755514 -0.0526615 -0.49107 0.306887 -0.789558 -0.783325 -0.653952 -0.641291 1.37293 1.36647 1.67582 1.45115 -0.436837 -0.441004 -3.23741 1.16938 -0.137288 0.0405021 1.14495 0.578445 -1.0839 -1.4698 -2.00053 -0.946947 -0.428328 -0.896499 -3.17057 0.866335 -0.184146 -0.921348 0.732123 -0.0310913 -1.31677 0.764052 -2.11052 -0.242882 2.56592 -2.03128 -6.9249 -0.905302 -0.677701 -2.24747 0.454371 -0.347305 -12 -8.62221 -2.31428 -1.76413 4.98126 -5.26394 -6.03447 -0.133377 -4.22978 -4.22308 -2.29502 -2.135 -8.94171 2.9615 -2.21964 -0.639459 0 0 0 -3.1183 0.209961 -0.0690186 1.14815 -10.9084 -1.25834 -0.0538484 -0.176757 -0.676672 0.397451 -0.8686 -0.948364 -0.65627 -0.68307 1.34636 1.67956 1.55855 1.46248 1.24264 -2.14324 -1.48701 1.53581 -2.13337 -2.56497 -0.618845 -0.774825 1.47037 5.98849 -0.787397 0.196372 -0.0571906 -0.0269206 -0.360681 0.269561 -0.783064 -0.770249 -0.692086 -0.650897 1.42227 1.39355 1.76278 1.47572 -0.0755514 -0.0526615 -0.49107 0.306887 -0.789558 -0.783325 -0.653952 -0.641291 1.37293 1.36647 1.67582 1.45115 -0.0838972 -0.103055 -0.604086 0.343625 -0.806691 -0.85033 -0.641046 -0.655462 1.32934 1.4711 1.60267 1.45401 -0.428328 -0.896499 -3.17057 0.866335 -0.184146 -0.921348 0.732123 -0.0310913 -1.31677 0.764052 -2.11052 -0.242882 0.0877088 -1.46575 -2.43069 1.06478 -0.800987 -2.14146 0.0407149 -0.50741 -0.575878 3.98535 -1.55049 0.180335 4.98126 -5.26394 -6.03447 -0.133377 -4.22978 -4.22308 -2.29502 -2.135 -8.94171 2.9615 -2.21964 -0.639459 5.99954 -7.40263 -6.00244 2.25535 -7.38951 -3.50812 -3.24422 -2.86279 -2.89084 7.90821 -1.97269 -0.618193 0 0 0 -3.11502 0.255559 -0.0581596 3.25211 -11.5656 -1.65346 0.0289036 -0.286725 -0.719063 0.470274 -0.988255 -1.04109 -0.692724 -0.718818 1.45352 1.93704 1.54108 1.46979 2.61008 -3.14382 -0.835174 1.98996 -3.53873 -2.01357 -1.05036 -0.957618 3.48863 6.55661 -0.242523 0.20398 -0.0755514 -0.0526615 -0.49107 0.306887 -0.789558 -0.783325 -0.653952 -0.641291 1.37293 1.36647 1.67582 1.45115 -0.0838972 -0.103055 -0.604086 0.343625 -0.806691 -0.85033 -0.641046 -0.655462 1.32934 1.4711 1.60267 1.45401 -0.0538484 -0.176757 -0.676672 0.397451 -0.8686 -0.948364 -0.65627 -0.68307 1.34636 1.67956 1.55855 1.46248 0.0877088 -1.46575 -2.43069 1.06478 -0.800987 -2.14146 0.0407149 -0.50741 -0.575878 3.98535 -1.55049 0.180335 1.24264 -2.14324 -1.48701 1.53581 -2.13337 -2.56497 -0.618845 -0.774825 1.47037 5.98849 -0.787397 0.196372 5.99954 -7.40263 -6.00244 2.25535 -7.38951 -3.50812 -3.24422 -2.86279 -2.89084 7.90821 -1.97269 -0.618193 7.43742 -9.5882 -6.48541 4.62232 -10.1841 -1.60865 -2.92567 -3.02946 1.99011 11.246 -1.01276 -0.518831 0 0 0 -3.1103 0.303944 -0.0403921 4.18258 -12.155 -1.70309 0.1727 -0.44291 -0.740917 0.556949 -1.15912 -1.09161 -0.740608 -0.760749 1.61753 2.19501 1.53866 1.48036 4.19005 -4.38039 -0.397684 2.07387 -4.68742 -0.697517 -1.26048 -1.11593 4.44169 6.28734 0.0550099 0.384323 -0.0838972 -0.103055 -0.604086 0.343625 -0.806691 -0.85033 -0.641046 -0.655462 1.32934 1.4711 1.60267 1.45401 -0.0538484 -0.176757 -0.676672 0.397451 -0.8686 -0.948364 -0.65627 -0.68307 1.34636 1.67956 1.55855 1.46248 0.0289036 -0.286725 -0.719063 0.470274 -0.988255 -1.04109 -0.692724 -0.718818 1.45352 1.93704 1.54108 1.46979 1.24264 -2.14324 -1.48701 1.53581 -2.13337 -2.56497 -0.618845 -0.774825 1.47037 5.98849 -0.787397 0.196372 2.61008 -3.14382 -0.835174 1.98996 -3.53873 -2.01357 -1.05036 -0.957618 3.48863 6.55661 -0.242523 0.20398 7.43742 -9.5882 -6.48541 4.62232 -10.1841 -1.60865 -2.92567 -3.02946 1.99011 11.246 -1.01276 -0.518831 9.78849 -12 -8.12747 5.89924 -11.8712 1.51794 -2.24457 -2.94873 4.73027 12 -0.387606 -0.098318
