cmd 0 0 0
base_rpy 2.98905 0.713996 0.0552477
projected_gravity -0.654859 -0.0417323 -0.754598
body_omega -6.58441 0.623737 1.27087
base_acc 2.81762 2.33104 21.557
omega_world -5.84597 -0.33966 -3.32683
base_quat_wxyz 0.933134 0.0524222 -0.346342 0.0809916
base_rot_mat 0.746975 -0.187464 -0.637876 0.11484 0.981385 -0.153936 0.654859 0.0417323 0.754598
joint_pos_policy 0.540029 -0.547353 -0.554692 0.386679 -1.70796 -1.80738 -0.568945 -0.866681 1.2143 1.77375 0.796776 1.32316
joint_vel_policy 0.0254438 0.00372455 -0.0288857 -0.715786 -3.03728 -2.24147 -1.09158 -0.217656 4.28473 2.26282 -1.69466 0.036701
obs_contract cmd:3 base_rpy:3 body_omega:3 joint_pos:12 joint_vel:12 joint_pos_history:36 joint_vel_history:24 action_history:24
parity_build_id 2026-02-16-rpy-from-quat-history-abs-noise0-quat-fallback-rpy-actionhist-zero-delay1-rpy-step0-pi-canonical-neg
base_rpy_mode legacy_xyzw_from_rotmat_step0_pi_canonical_neg
history_frame_push_mode single_first_step
action_history_mode training_parity_zero_seed_delay1
history_seed_file_loaded 0
history_seed_file_used 0
history_seed_file_path none
joint_pos_history 0.536774 -0.546339 -0.551447 0.447404 -1.32251 -1.33897 -0.445362 -0.828263 0.6278 1.33233 1.09425 1.2989 0.537658 -0.546982 -0.552151 0.436553 -1.43199 -1.51971 -0.479547 -0.842654 0.807375 1.49694 0.993292 1.31071 0.53871 -0.547352 -0.553212 0.418657 -1.55355 -1.67026 -0.517354 -0.854501 0.993262 1.63848 0.896767 1.31864
pos_hist 0.536774 -0.546339 -0.551447 0.447404 -1.32251 -1.33897 -0.445362 -0.828263 0.6278 1.33233 1.09425 1.2989 0.537658 -0.546982 -0.552151 0.436553 -1.43199 -1.51971 -0.479547 -0.842654 0.807375 1.49694 0.993292 1.31071 0.53871 -0.547352 -0.553212 0.418657 -1.55355 -1.67026 -0.517354 -0.854501 0.993262 1.63848 0.896767 1.31864
joint_vel_history 0.0245174 -0.0139059 -0.0219928 -0.337262 -2.91299 -4.25308 -0.886304 -0.331833 4.6994 3.90755 -2.52888 0.257848 0.0269984 -0.00583163 -0.0286314 -0.516734 -3.10387 -3.42823 -0.976128 -0.276571 4.66473 3.20505 -2.28997 0.161761
vel_hist 0.0245174 -0.0139059 -0.0219928 -0.337262 -2.91299 -4.25308 -0.886304 -0.331833 4.6994 3.90755 -2.52888 0.257848 0.0269984 -0.00583163 -0.0286314 -0.516734 -3.10387 -3.42823 -0.976128 -0.276571 4.66473 3.20505 -2.28997 0.161761
action_history 6.81381 -6.84555 -9.8513 -1.24284 -8.81634 -1.56592 -1.89601 -7.15085 3.2573 7.64349 -5.98469 -7.15652 7.11024 -6.68889 -9.87938 -1.11836 -7.64413 -0.150396 -0.994751 -6.69903 4.48458 6.2439 -5.45136 -7.29454
tgt_hist 6.81381 -6.84555 -9.8513 -1.24284 -8.81634 -1.56592 -1.89601 -7.15085 3.2573 7.64349 -5.98469 -7.15652 7.11024 -6.68889 -9.87938 -1.11836 -7.64413 -0.150396 -0.994751 -6.69903 4.48458 6.2439 -5.45136 -7.29454
action_raw 7.81259 -7.1309 -9.32806 1.12427 -4.01662 2.00884 -0.490392 -4.66241 5.34757 2.68633 -3.55409 -5.48074
action_offset 1.95315 -1.78272 -2.33201 0.281067 -1.00415 0.502211 -0.122598 -1.1656 1.33689 0.671582 -0.888523 -1.37018
target_joint_pos_policy 1.93774 -1.76674 -2.35415 0.30351 -1.77112 -0.266075 -0.888463 -1.93281 2.8745 2.20794 0.659357 0.176606
target_joint_pos 1.93774 -1.77112 2.8745 -1.76674 -0.266075 2.20794 -2.35415 -0.888463 0.659357 0.30351 -1.93281 0.176606
joint_limits_lower -0.51777 -2.6433 0.51876 -0.51777 -2.6433 0.51876 -0.51777 -2.6433 0.51876 -0.51777 -2.6433 0.51876
joint_limits_upper 0.51777 0.31086 2.76408 0.51777 0.31086 2.76408 0.51777 0.31086 2.76408 0.51777 0.31086 2.76408
effort_limits 24 24 36 24 24 36 24 24 36 24 24 36
target_joint_pos_clipped 0.51777 -1.77112 2.76408 -0.51777 -0.266075 2.20794 -0.51777 -0.888463 0.659357 0.30351 -1.93281 0.51876
pd_tau_raw 27.9365 0.862725 30.2047 -24.3903 32.3952 7.09977 -35.9688 -5.62626 -1.56213 -1.16233 -21.1701 -22.9568
pd_tau_clipped 24 0.862725 30.2047 -24 24 7.09977 -24 -5.62626 -1.56213 -1.16233 -21.1701 -22.9568
obs_flat 0 0 0 2.98905 0.713996 0.0552477 -6.58441 0.623737 1.27087 0.540029 -0.547353 -0.554692 0.386679 -1.70796 -1.80738 -0.568945 -0.866681 1.2143 1.77375 0.796776 1.32316 0.0254438 0.00372455 -0.0288857 -0.715786 -3.03728 -2.24147 -1.09158 -0.217656 4.28473 2.26282 -1.69466 0.036701 0.536774 -0.546339 -0.551447 0.447404 -1.32251 -1.33897 -0.445362 -0.828263 0.6278 1.33233 1.09425 1.2989 0.537658 -0.546982 -0.552151 0.436553 -1.43199 -1.51971 -0.479547 -0.842654 0.807375 1.49694 0.993292 1.31071 0.53871 -0.547352 -0.553212 0.418657 -1.55355 -1.67026 -0.517354 -0.854501 0.993262 1.63848 0.896767 1.31864 0.0245174 -0.0139059 -0.0219928 -0.337262 -2.91299 -4.25308 -0.886304 -0.331833 4.6994 3.90755 -2.52888 0.257848 0.0269984 -0.00583163 -0.0286314 -0.516734 -3.10387 -3.42823 -0.976128 -0.276571 4.66473 3.20505 -2.28997 0.161761 6.81381 -6.84555 -9.8513 -1.24284 -8.81634 -1.56592 -1.89601 -7.15085 3.2573 7.64349 -5.98469 -7.15652 7.11024 -6.68889 -9.87938 -1.11836 -7.64413 -0.150396 -0.994751 -6.69903 4.48458 6.2439 -5.45136 -7.29454 0 0 0 3.03449 0.864904 0.0894516 0.379237 1.03279 0.568188 0.560048 -0.560273 -0.561293 0.5607 -2.72283 0.399848 -1.37231 -1.41778 3.18676 3.24367 1.81435 1.99459 -0.000206519 0.000558068 -0.00361835 -0.00614572 0.00390162 -0.00447175 0.148956 -0.0510452 0.0765846 0.00496761 -0.127367 -0.0494934 0.5601 -0.560397 -0.56065 0.560785 -2.72345 0.400625 -1.39244 -1.41039 3.17356 3.24296 1.82797 1.99798 0.560079 -0.560352 -0.560853 0.560922 -2.72325 0.400365 -1.38687 -1.4125 3.1779 3.24317 1.82497 1.99771 0.56006 -0.560306 -0.561092 0.560917 -2.72303 0.400086 -1.37969 -1.41517 3.18267 3.24342 1.82023 1.99663 -0.000464526 0.0010642 -0.00504397 0.00228246 0.00468403 -0.00616593 0.140906 -0.0532175 0.104072 0.00517947 -0.0815695 -0.0114362 -0.000319085 0.000803343 -0.00454453 -0.00182593 0.0042525 -0.00522526 0.145578 -0.0529043 0.0898267 0.00507882 -0.104031 -0.0292595 12 -12 -12 7.43268 -12 12 -5.03375 -5.0389 12 12 -3.53831 -2.23209 12 -12 -12 7.1809 -12 12 -5.12397 -5.11975 12 12 -3.78852 -2.53782 0 0 0 3.02949 0.859913 0.0875092 0.364571 1.06663 0.554574 0.560041 -0.560252 -0.561437 0.560276 -2.72265 0.399643 -1.36483 -1.42029 3.19023 3.24392 1.80732 1.99151 -0.000106425 0.000353217 -0.00238706 -0.0102432 0.00357573 -0.00386591 0.150737 -0.0488589 0.0647111 0.00480915 -0.150537 -0.0707117 0.560079 -0.560352 -0.560853 0.560922 -2.72325 0.400365 -1.38687 -1.4125 3.1779 3.24317 1.82497 1.99771 0.56006 -0.560306 -0.561092 0.560917 -2.72303 0.400086 -1.37969 -1.41517 3.18267 3.24342 1.82023 1.99663 0.560048 -0.560273 -0.561293 0.5607 -2.72283 0.399848 -1.37231 -1.41778 3.18676 3.24367 1.81435 1.99459 -0.000319085 0.000803343 -0.00454453 -0.00182593 0.0042525 -0.00522526 0.145578 -0.0529043 0.0898267 0.00507882 -0.104031 -0.0292595 -0.000206519 0.000558068 -0.00361835 -0.00614572 0.00390162 -0.00447175 0.148956 -0.0510452 0.0765846 0.00496761 -0.127367 -0.0494934 12 -12 -12 7.1809 -12 12 -5.12397 -5.11975 12 12 -3.78852 -2.53782 12 -12 -12 6.91138 -12 12 -5.20888 -5.19054 12 12 -4.04651 -2.84861 0 0 0 3.02462 0.854735 0.0856013 0.3471 1.10314 0.538456 0.560038 -0.560239 -0.561515 0.559642 -2.72248 0.399465 -1.35724 -1.42264 3.19315 3.24415 1.79906 1.98729 -1.85582e-05 0.000192673 -0.0010145 -0.0144474 0.0033014 -0.00335856 0.153162 -0.0449798 0.0542716 0.00462555 -0.175776 -0.094813 0.56006 -0.560306 -0.561092 0.560917 -2.72303 0.400086 -1.37969 -1.41517 3.18267 3.24342 1.82023 1.99663 0.560048 -0.560273 -0.561293 0.5607 -2.72283 0.399848 -1.37231 -1.41778 3.18676 3.24367 1.81435 1.99459 0.560041 -0.560252 -0.561437 0.560276 -2.72265 0.399643 -1.36483 -1.42029 3.19023 3.24392 1.80732 1.99151 -0.000206519 0.000558068 -0.00361835 -0.00614572 0.00390162 -0.00447175 0.148956 -0.0510452 0.0765846 0.00496761 -0.127367 -0.0494934 -0.000106425 0.000353217 -0.00238706 -0.0102432 0.00357573 -0.00386591 0.150737 -0.0488589 0.0647111 0.00480915 -0.150537 -0.0707117 12 -12 -12 6.91138 -12 12 -5.20888 -5.19054 12 12 -4.04651 -2.84861 12 -12 -12 6.627 -12 12 -5.25048 -5.25872 12 12 -4.27828 -3.16199 0 0 0 3.01991 0.849349 0.0837383 0.328437 1.14415 0.519273 0.56004 -0.560233 -0.561525 0.558801 -2.72232 0.39931 -1.34949 -1.42473 3.19559 3.24437 1.78948 1.98177 5.62746e-05 7.26516e-05 0.000315248 -0.0184648 0.00306825 -0.00291821 0.157132 -0.0388734 0.0452475 0.00439321 -0.203436 -0.121633 0.560048 -0.560273 -0.561293 0.5607 -2.72283 0.399848 -1.37231 -1.41778 3.18676 3.24367 1.81435 1.99459 0.560041 -0.560252 -0.561437 0.560276 -2.72265 0.399643 -1.36483 -1.42029 3.19023 3.24392 1.80732 1.99151 0.560038 -0.560239 -0.561515 0.559642 -2.72248 0.399465 -1.35724 -1.42264 3.19315 3.24415 1.79906 1.98729 -0.000106425 0.000353217 -0.00238706 -0.0102432 0.00357573 -0.00386591 0.150737 -0.0488589 0.0647111 0.00480915 -0.150537 -0.0707117 -1.85582e-05 0.000192673 -0.0010145 -0.0144474 0.0033014 -0.00335856 0.153162 -0.0449798 0.0542716 0.00462555 -0.175776 -0.094813 12 -12 -12 6.627 -12 12 -5.25048 -5.25872 12 12 -4.27828 -3.16199 12 -12 -12 6.33943 -12 12 -5.27695 -5.30404 12 12 -4.50212 -3.45891 0 0 0 3.01537 0.843724 0.0819056 0.303153 1.1927 0.498591 0.560044 -0.560233 -0.561472 0.557774 -2.72217 0.399176 -1.34149 -1.42643 3.19761 3.24459 1.77843 1.97483 8.38708e-05 -3.53543e-05 0.00151907 -0.0220515 0.00285637 -0.00252251 0.162888 -0.0293304 0.0375879 0.00414752 -0.23359 -0.15166 0.560041 -0.560252 -0.561437 0.560276 -2.72265 0.399643 -1.36483 -1.42029 3.19023 3.24392 1.80732 1.99151 0.560038 -0.560239 -0.561515 0.559642 -2.72248 0.399465 -1.35724 -1.42264 3.19315 3.24415 1.79906 1.98729 0.56004 -0.560233 -0.561525 0.558801 -2.72232 0.39931 -1.34949 -1.42473 3.19559 3.24437 1.78948 1.98177 -1.85582e-05 0.000192673 -0.0010145 -0.0144474 0.0033014 -0.00335856 0.153162 -0.0449798 0.0542716 0.00462555 -0.175776 -0.094813 5.62746e-05 7.26516e-05 0.000315248 -0.0184648 0.00306825 -0.00291821 0.157132 -0.0388734 0.0452475 0.00439321 -0.203436 -0.121633 12 -12 -12 6.33943 -12 12 -5.27695 -5.30404 12 12 -4.50212 -3.45891 12 -12 -12 6.04921 -12 12 -5.28957 -5.33138 12 12 -4.71467 -3.73651 0 0 0 3.01186 0.839014 0.0804391 0.277573 1.24133 0.480673 0.560047 -0.560236 -0.561388 0.556822 -2.72206 0.399082 -1.33482 -1.42734 3.19898 3.24475 1.76843 1.96809 7.92022e-05 -0.000114549 0.00243782 -0.0249717 0.00272296 -0.00222594 0.169949 -0.018167 0.0323192 0.00395417 -0.260956 -0.179323 0.560038 -0.560239 -0.561515 0.559642 -2.72248 0.399465 -1.35724 -1.42264 3.19315 3.24415 1.79906 1.98729 0.56004 -0.560233 -0.561525 0.558801 -2.72232 0.39931 -1.34949 -1.42473 3.19559 3.24437 1.78948 1.98177 0.560044 -0.560233 -0.561472 0.557774 -2.72217 0.399176 -1.34149 -1.42643 3.19761 3.24459 1.77843 1.97483 5.62746e-05 7.26516e-05 0.000315248 -0.0184648 0.00306825 -0.00291821 0.157132 -0.0388734 0.0452475 0.00439321 -0.203436 -0.121633 8.38708e-05 -3.53543e-05 0.00151907 -0.0220515 0.00285637 -0.00252251 0.162888 -0.0293304 0.0375879 0.00414752 -0.23359 -0.15166 12 -12 -12 6.04921 -12 12 -5.28957 -5.33138 12 12 -4.71467 -3.73651 12 -12 -12 5.74643 -12 12 -5.29433 -5.33421 12 12 -4.93437 -4.01027 0 0 0 3.00846 0.834088 0.0789592 0.249622 1.2942 0.462122 0.560051 -0.560242 -0.561266 0.555753 -2.72196 0.399 -1.32783 -1.42776 3.20016 3.2449 1.75728 1.9602 8.10064e-05 -0.000180726 0.00337238 -0.0278706 0.00259633 -0.00196972 0.178389 -0.00540044 0.0277126 0.00378396 -0.290523 -0.208434 0.56004 -0.560233 -0.561525 0.558801 -2.72232 0.39931 -1.34949 -1.42473 3.19559 3.24437 1.78948 1.98177 0.560044 -0.560233 -0.561472 0.557774 -2.72217 0.399176 -1.34149 -1.42643 3.19761 3.24459 1.77843 1.97483 0.560047 -0.560236 -0.561388 0.556822 -2.72206 0.399082 -1.33482 -1.42734 3.19898 3.24475 1.76843 1.96809 8.38708e-05 -3.53543e-05 0.00151907 -0.0220515 0.00285637 -0.00252251 0.162888 -0.0293304 0.0375879 0.00414752 -0.23359 -0.15166 7.92022e-05 -0.000114549 0.00243782 -0.0249717 0.00272296 -0.00222594 0.169949 -0.018167 0.0323192 0.00395417 -0.260956 -0.179323 12 -12 -12 5.74643 -12 12 -5.29433 -5.33421 12 12 -4.93437 -4.01027 12 -12 -12 5.45738 -12 12 -5.29912 -5.33096 12 12 -5.15419 -4.26368 0 0 0 3.00518 0.828941 0.0774628 0.221785 1.34644 0.443719 0.560054 -0.560251 -0.561107 0.554571 -2.72186 0.398926 -1.32049 -1.42767 3.20116 3.24505 1.7449 1.95117 0.000106869 -0.000230122 0.00432551 -0.0306905 0.00245174 -0.00176207 0.187503 0.00747141 0.0237025 0.00363175 -0.321513 -0.236909 0.560044 -0.560233 -0.561472 0.557774 -2.72217 0.399176 -1.34149 -1.42643 3.19761 3.24459 1.77843 1.97483 0.560047 -0.560236 -0.561388 0.556822 -2.72206 0.399082 -1.33482 -1.42734 3.19898 3.24475 1.76843 1.96809 0.560051 -0.560242 -0.561266 0.555753 -2.72196 0.399 -1.32783 -1.42776 3.20016 3.2449 1.75728 1.9602 7.92022e-05 -0.000114549 0.00243782 -0.0249717 0.00272296 -0.00222594 0.169949 -0.018167 0.0323192 0.00395417 -0.260956 -0.179323 8.10064e-05 -0.000180726 0.00337238 -0.0278706 0.00259633 -0.00196972 0.178389 -0.00540044 0.0277126 0.00378396 -0.290523 -0.208434 12 -12 -12 5.45738 -12 12 -5.29912 -5.33096 12 12 -5.15419 -4.26368 12 -12 -12 5.17663 -12 12 -5.29838 -5.34587 12 12 -5.3681 -4.50144 0 0 0 3.00201 0.823591 0.0759547 0.1971 1.39083 0.426429 0.56006 -0.560261 -0.560909 0.553278 -2.72176 0.398859 -1.31279 -1.42708 3.20202 3.24519 1.73127 1.94097 0.000172231 -0.000253543 0.00531448 -0.0333613 0.00227792 -0.00162835 0.195808 0.0186849 0.0201867 0.003528 -0.352629 -0.26556 0.560047 -0.560236 -0.561388 0.556822 -2.72206 0.399082 -1.33482 -1.42734 3.19898 3.24475 1.76843 1.96809 0.560051 -0.560242 -0.561266 0.555753 -2.72196 0.399 -1.32783 -1.42776 3.20016 3.2449 1.75728 1.9602 0.560054 -0.560251 -0.561107 0.554571 -2.72186 0.398926 -1.32049 -1.42767 3.20116 3.24505 1.7449 1.95117 8.10064e-05 -0.000180726 0.00337238 -0.0278706 0.00259633 -0.00196972 0.178389 -0.00540044 0.0277126 0.00378396 -0.290523 -0.208434 0.000106869 -0.000230122 0.00432551 -0.0306905 0.00245174 -0.00176207 0.187503 0.00747141 0.0237025 0.00363175 -0.321513 -0.236909 12 -12 -12 5.17663 -12 12 -5.29838 -5.34587 12 12 -5.3681 -4.50144 12 -12 -12 4.89767 -12 12 -5.29019 -5.35796 12 12 -5.56111 -4.72071 0 0 0 2.99896 0.818084 0.074467 0.182512 1.42408 0.408873 0.56007 -0.560271 -0.560677 0.55189 -2.72168 0.398796 -1.3048 -1.4261 3.20275 3.24533 1.71643 1.92966 0.000294876 -0.000231981 0.00603948 -0.0355516 0.00208528 -0.0015452 0.201774 0.0274405 0.0170975 0.00338426 -0.382206 -0.293006 0.560051 -0.560242 -0.561266 0.555753 -2.72196 0.399 -1.32783 -1.42776 3.20016 3.2449 1.75728 1.9602 0.560054 -0.560251 -0.561107 0.554571 -2.72186 0.398926 -1.32049 -1.42767 3.20116 3.24505 1.7449 1.95117 0.56006 -0.560261 -0.560909 0.553278 -2.72176 0.398859 -1.31279 -1.42708 3.20202 3.24519 1.73127 1.94097 0.000106869 -0.000230122 0.00432551 -0.0306905 0.00245174 -0.00176207 0.187503 0.00747141 0.0237025 0.00363175 -0.321513 -0.236909 0.000172231 -0.000253543 0.00531448 -0.0333613 0.00227792 -0.00162835 0.195808 0.0186849 0.0201867 0.003528 -0.352629 -0.26556 12 -12 -12 4.89767 -12 12 -5.29019 -5.35796 12 12 -5.56111 -4.72071 12 -12 -12 4.65046 -12 12 -5.28361 -5.37947 12 12 -5.70332 -4.91855 0 0 0 2.99603 0.81246 0.0730556 0.178281 1.44729 0.388239 0.560085 -0.560279 -0.560427 0.550436 -2.7216 0.398736 -1.29667 -1.42481 3.20337 3.24546 1.70051 1.91726 0.000441996 -0.000177932 0.00634028 -0.0367694 0.00188874 -0.0014779 0.204391 0.0351895 0.0144122 0.0031416 -0.407689 -0.319933 0.560054 -0.560251 -0.561107 0.554571 -2.72186 0.398926 -1.32049 -1.42767 3.20116 3.24505 1.7449 1.95117 0.56006 -0.560261 -0.560909 0.553278 -2.72176 0.398859 -1.31279 -1.42708 3.20202 3.24519 1.73127 1.94097 0.56007 -0.560271 -0.560677 0.55189 -2.72168 0.398796 -1.3048 -1.4261 3.20275 3.24533 1.71643 1.92966 0.000172231 -0.000253543 0.00531448 -0.0333613 0.00227792 -0.00162835 0.195808 0.0186849 0.0201867 0.003528 -0.352629 -0.26556 0.000294876 -0.000231981 0.00603948 -0.0355516 0.00208528 -0.0015452 0.201774 0.0274405 0.0170975 0.00338426 -0.382206 -0.293006 12 -12 -12 4.65046 -12 12 -5.28361 -5.37947 12 12 -5.70332 -4.91855 12 -12 -12 4.43888 -12 12 -5.26618 -5.4028 12 12 -5.78644 -5.08404 0 0 0 2.99326 0.806751 0.0717653 0.181473 1.46443 0.365734 0.560106 -0.560284 -0.560173 0.548949 -2.72153 0.398678 -1.28846 -1.42321 3.20389 3.24558 1.68357 1.90379 0.000573038 -0.00010684 0.0063203 -0.037393 0.00169607 -0.0014033 0.205688 0.0428223 0.0121242 0.00283455 -0.432809 -0.347016 0.56006 -0.560261 -0.560909 0.553278 -2.72176 0.398859 -1.31279 -1.42708 3.20202 3.24519 1.73127 1.94097 0.56007 -0.560271 -0.560677 0.55189 -2.72168 0.398796 -1.3048 -1.4261 3.20275 3.24533 1.71643 1.92966 0.560085 -0.560279 -0.560427 0.550436 -2.7216 0.398736 -1.29667 -1.42481 3.20337 3.24546 1.70051 1.91726 0.000294876 -0.000231981 0.00603948 -0.0355516 0.00208528 -0.0015452 0.201774 0.0274405 0.0170975 0.00338426 -0.382206 -0.293006 0.000441996 -0.000177932 0.00634028 -0.0367694 0.00188874 -0.0014779 0.204391 0.0351895 0.0144122 0.0031416 -0.407689 -0.319933 12 -12 -12 4.43888 -12 12 -5.26618 -5.4028 12 12 -5.78644 -5.08404 12 -12 -12 4.25749 -12 12 -5.23204 -5.41762 12 12 -5.81909 -5.2154 0 0 0 2.99064 0.800964 0.0706127 0.183871 1.48319 0.341003 0.560131 -0.560287 -0.559925 0.547449 -2.72147 0.398625 -1.28021 -1.42127 3.20432 3.24568 1.66566 1.88925 0.000612198 -3.57427e-05 0.00607116 -0.0375132 0.00148369 -0.0012556 0.206496 0.0528542 0.0103386 0.0023525 -0.456421 -0.37384 0.56007 -0.560271 -0.560677 0.55189 -2.72168 0.398796 -1.3048 -1.4261 3.20275 3.24533 1.71643 1.92966 0.560085 -0.560279 -0.560427 0.550436 -2.7216 0.398736 -1.29667 -1.42481 3.20337 3.24546 1.70051 1.91726 0.560106 -0.560284 -0.560173 0.548949 -2.72153 0.398678 -1.28846 -1.42321 3.20389 3.24558 1.68357 1.90379 0.000441996 -0.000177932 0.00634028 -0.0367694 0.00188874 -0.0014779 0.204391 0.0351895 0.0144122 0.0031416 -0.407689 -0.319933 0.000573038 -0.00010684 0.0063203 -0.037393 0.00169607 -0.0014033 0.205688 0.0428223 0.0121242 0.00283455 -0.432809 -0.347016 12 -12 -12 4.25749 -12 12 -5.23204 -5.41762 12 12 -5.81909 -5.2154 12 -12 -12 4.09615 -12 12 -5.14539 -5.39726 12 12 -5.76589 -5.30488 0 0 0 2.98819 0.795095 0.0696002 0.183875 1.50082 0.311244 0.560155 -0.560287 -0.559692 0.545967 -2.72141 0.398579 -1.27197 -1.41885 3.2047 3.24576 1.64684 1.87358 0.000579904 2.43457e-05 0.00569099 -0.0366144 0.00127146 -0.00107814 0.205439 0.0657091 0.00891012 0.00177805 -0.477853 -0.40275 0.560085 -0.560279 -0.560427 0.550436 -2.7216 0.398736 -1.29667 -1.42481 3.20337 3.24546 1.70051 1.91726 0.560106 -0.560284 -0.560173 0.548949 -2.72153 0.398678 -1.28846 -1.42321 3.20389 3.24558 1.68357 1.90379 0.560131 -0.560287 -0.559925 0.547449 -2.72147 0.398625 -1.28021 -1.42127 3.20432 3.24568 1.66566 1.88925 0.000573038 -0.00010684 0.0063203 -0.037393 0.00169607 -0.0014033 0.205688 0.0428223 0.0121242 0.00283455 -0.432809 -0.347016 0.000612198 -3.57427e-05 0.00607116 -0.0375132 0.00148369 -0.0012556 0.206496 0.0528542 0.0103386 0.0023525 -0.456421 -0.37384 12 -12 -12 4.09615 -12 12 -5.14539 -5.39726 12 12 -5.76589 -5.30488 12 -12 -12 3.9961 -12 12 -4.97295 -5.32811 12 12 -5.56925 -5.30511 0 0 0 2.98543 0.78764 0.0685446 0.1819 1.52186 0.265454 0.560179 -0.560282 -0.559422 0.544219 -2.72136 0.398536 -1.26186 -1.41498 3.20511 3.24581 1.62248 1.85242 0.000405521 0.000143388 0.00517703 -0.0334813 0.000841649 -0.000692912 0.198994 0.0852312 0.00794891 0.000474922 -0.491552 -0.435426 0.560106 -0.560284 -0.560173 0.548949 -2.72153 0.398678 -1.28846 -1.42321 3.20389 3.24558 1.68357 1.90379 0.560131 -0.560287 -0.559925 0.547449 -2.72147 0.398625 -1.28021 -1.42127 3.20432 3.24568 1.66566 1.88925 0.560155 -0.560287 -0.559692 0.545967 -2.72141 0.398579 -1.27197 -1.41885 3.2047 3.24576 1.64684 1.87358 0.000612198 -3.57427e-05 0.00607116 -0.0375132 0.00148369 -0.0012556 0.206496 0.0528542 0.0103386 0.0023525 -0.456421 -0.37384 0.000579904 2.43457e-05 0.00569099 -0.0366144 0.00127146 -0.00107814 0.205439 0.0657091 0.00891012 0.00177805 -0.477853 -0.40275 12 -12 -12 3.9961 -12 12 -4.97295 -5.32811 12 12 -5.56925 -5.30511 12 -12 -12 4.02652 -12 11.9169 -4.71165 -5.16815 12 12 -5.2073 -5.15128 0 0 0 2.98348 0.781619 0.0679089 0.187372 1.52571 0.226136 0.560193 -0.560274 -0.559228 0.542958 -2.72133 0.398514 -1.25402 -1.41124 3.20541 3.24581 1.60242 1.83445 0.000325957 0.000231608 0.00463765 -0.0303466 0.00050377 -0.000467677 0.195344 0.0978566 0.00726366 -0.000340321 -0.509841 -0.456984 0.560131 -0.560287 -0.559925 0.547449 -2.72147 0.398625 -1.28021 -1.42127 3.20432 3.24568 1.66566 1.88925 0.560155 -0.560287 -0.559692 0.545967 -2.72141 0.398579 -1.27197 -1.41885 3.2047 3.24576 1.64684 1.87358 0.560179 -0.560282 -0.559422 0.544219 -2.72136 0.398536 -1.26186 -1.41498 3.20511 3.24581 1.62248 1.85242 0.000579904 2.43457e-05 0.00569099 -0.0366144 0.00127146 -0.00107814 0.205439 0.0657091 0.00891012 0.00177805 -0.477853 -0.40275 0.000405521 0.000143388 0.00517703 -0.0334813 0.000841649 -0.000692912 0.198994 0.0852312 0.00794891 0.000474922 -0.491552 -0.435426 12 -12 -12 4.02652 -12 11.9169 -4.71165 -5.16815 12 12 -5.2073 -5.15128 12 -12 -12 4.24528 -12 11.6393 -4.33837 -4.88324 12 12 -4.63028 -4.77823 0 0 0 2.98179 0.775604 0.0674924 0.195987 1.51585 0.175325 0.560204 -0.560264 -0.559059 0.541841 -2.72125 0.398497 -1.24622 -1.40706 3.20569 3.24551 1.58121 1.81572 0.000156034 0.000221568 0.00406826 -0.0254375 0.00695764 -0.000528363 0.189711 0.10925 0.0070934 -0.0283163 -0.533412 -0.47154 0.560155 -0.560287 -0.559692 0.545967 -2.72141 0.398579 -1.27197 -1.41885 3.2047 3.24576 1.64684 1.87358 0.560179 -0.560282 -0.559422 0.544219 -2.72136 0.398536 -1.26186 -1.41498 3.20511 3.24581 1.62248 1.85242 0.560193 -0.560274 -0.559228 0.542958 -2.72133 0.398514 -1.25402 -1.41124 3.20541 3.24581 1.60242 1.83445 0.000405521 0.000143388 0.00517703 -0.0334813 0.000841649 -0.000692912 0.198994 0.0852312 0.00794891 0.000474922 -0.491552 -0.435426 0.000325957 0.000231608 0.00463765 -0.0303466 0.00050377 -0.000467677 0.195344 0.0978566 0.00726366 -0.000340321 -0.509841 -0.456984 12 -12 -12 4.24528 -12 11.6393 -4.33837 -4.88324 12 12 -4.63028 -4.77823 12 -12 -12 4.68917 -11.3557 11.2228 -3.85535 -4.45711 12 12 -3.78712 -4.14729 0 0 0 2.98056 0.769647 0.067439 0.208395 1.48647 0.0819091 0.560195 -0.560262 -0.558903 0.541089 -2.72026 0.398366 -1.23987 -1.40237 3.20552 3.24074 1.55935 1.79698 -0.000540926 -9.33649e-05 0.00382276 -0.0139296 0.0390132 -0.00737852 0.124874 0.121212 -0.0231501 -0.206051 -0.577982 -0.462989 0.560179 -0.560282 -0.559422 0.544219 -2.72136 0.398536 -1.26186 -1.41498 3.20511 3.24581 1.62248 1.85242 0.560193 -0.560274 -0.559228 0.542958 -2.72133 0.398514 -1.25402 -1.41124 3.20541 3.24581 1.60242 1.83445 0.560204 -0.560264 -0.559059 0.541841 -2.72125 0.398497 -1.24622 -1.40706 3.20569 3.24551 1.58121 1.81572 0.000325957 0.000231608 0.00463765 -0.0303466 0.00050377 -0.000467677 0.195344 0.0978566 0.00726366 -0.000340321 -0.509841 -0.456984 0.000156034 0.000221568 0.00406826 -0.0254375 0.00695764 -0.000528363 0.189711 0.10925 0.0070934 -0.0283163 -0.533412 -0.47154 12 -12 -12 4.68917 -11.3557 11.2228 -3.85535 -4.45711 12 12 -3.78712 -4.14729 12 -12 -12 5.4007 -9.85298 10.5969 -3.31832 -3.87101 12 10.6059 -2.67107 -3.20891 0 0 0 2.98005 0.763777 0.067888 0.197532 1.48149 -0.0922601 0.560123 -0.560301 -0.558703 0.540889 -2.7127 0.397631 -1.23906 -1.39703 3.20212 3.21863 1.54787 1.77894 -0.00320666 -0.00213799 0.00674881 0.00192828 0.411624 -0.0293523 -0.0773466 0.147467 -0.154162 -0.97159 0.134611 -0.440852 0.560193 -0.560274 -0.559228 0.542958 -2.72133 0.398514 -1.25402 -1.41124 3.20541 3.24581 1.60242 1.83445 0.560204 -0.560264 -0.559059 0.541841 -2.72125 0.398497 -1.24622 -1.40706 3.20569 3.24551 1.58121 1.81572 0.560195 -0.560262 -0.558903 0.541089 -2.72026 0.398366 -1.23987 -1.40237 3.20552 3.24074 1.55935 1.79698 0.000156034 0.000221568 0.00406826 -0.0254375 0.00695764 -0.000528363 0.189711 0.10925 0.0070934 -0.0283163 -0.533412 -0.47154 -0.000540926 -9.33649e-05 0.00382276 -0.0139296 0.0390132 -0.00737852 0.124874 0.121212 -0.0231501 -0.206051 -0.577982 -0.462989 12 -12 -12 5.4007 -9.85298 10.5969 -3.31832 -3.87101 12 10.6059 -2.67107 -3.20891 12 -12 -12 6.43167 -7.82176 9.65893 -2.57769 -3.17597 11.0506 7.94733 -1.0482 -1.85966 0 0 0 2.98135 0.757391 0.0701635 0.498951 1.68014 -0.534934 0.559843 -0.560482 -0.558266 0.541373 -2.66948 0.394436 -1.24845 -1.38875 3.17464 3.12437 1.59655 1.77273 -0.00962886 -0.00597876 0.0134731 0.017701 1.57677 -0.119291 -0.30108 0.265378 -1.11378 -3.50048 1.92323 0.0860146 0.560204 -0.560264 -0.559059 0.541841 -2.72125 0.398497 -1.24622 -1.40706 3.20569 3.24551 1.58121 1.81572 0.560195 -0.560262 -0.558903 0.541089 -2.72026 0.398366 -1.23987 -1.40237 3.20552 3.24074 1.55935 1.79698 0.560123 -0.560301 -0.558703 0.540889 -2.7127 0.397631 -1.23906 -1.39703 3.20212 3.21863 1.54787 1.77894 -0.000540926 -9.33649e-05 0.00382276 -0.0139296 0.0390132 -0.00737852 0.124874 0.121212 -0.0231501 -0.206051 -0.577982 -0.462989 -0.00320666 -0.00213799 0.00674881 0.00192828 0.411624 -0.0293523 -0.0773466 0.147467 -0.154162 -0.97159 0.134611 -0.440852 12 -12 -12 6.43167 -7.82176 9.65893 -2.57769 -3.17597 11.0506 7.94733 -1.0482 -1.85966 12 -12 -12 7.75892 -4.64909 7.9508 -1.53792 -2.22878 8.21531 3.45754 1.66534 0.114574 0 0 0 2.98524 0.750124 0.0756178 0.79208 1.69093 -1.07935 0.559291 -0.560657 -0.557696 0.542366 -2.57722 0.382316 -1.26012 -1.3729 3.09575 2.9194 1.70814 1.7881 -0.0177182 -0.00261535 0.015164 0.0288272 2.7797 -0.564211 -0.322979 0.492842 -2.90824 -6.21826 3.52684 0.603334 0.560195 -0.560262 -0.558903 0.541089 -2.72026 0.398366 -1.23987 -1.40237 3.20552 3.24074 1.55935 1.79698 0.560123 -0.560301 -0.558703 0.540889 -2.7127 0.397631 -1.23906 -1.39703 3.20212 3.21863 1.54787 1.77894 0.559843 -0.560482 -0.558266 0.541373 -2.66948 0.394436 -1.24845 -1.38875 3.17464 3.12437 1.59655 1.77273 -0.00320666 -0.00213799 0.00674881 0.00192828 0.411624 -0.0293523 -0.0773466 0.147467 -0.154162 -0.97159 0.134611 -0.440852 -0.00962886 -0.00597876 0.0134731 0.017701 1.57677 -0.119291 -0.30108 0.265378 -1.11378 -3.50048 1.92323 0.0860146 12 -12 -12 7.75892 -4.64909 7.9508 -1.53792 -2.22878 8.21531 3.45754 1.66534 0.114574 12 -11.5209 -12 9.06477 -0.612584 4.75771 -0.0570738 -0.751467 3.08987 -3.70857 5.30472 2.05568 0 0 0 2.99277 0.743721 0.0840296 0.720565 1.30618 -1.76461 0.558319 -0.560453 -0.5572 0.543725 -2.44171 0.346175 -1.26688 -1.34283 2.9078 2.59597 1.87814 1.81758 -0.0284203 0.0111076 0.00952598 0.0368799 3.66177 -1.12091 -0.0318444 0.972683 -5.80824 -9.10948 4.61419 0.694323 0.560123 -0.560301 -0.558703 0.540889 -2.7127 0.397631 -1.23906 -1.39703 3.20212 3.21863 1.54787 1.77894 0.559843 -0.560482 -0.558266 0.541373 -2.66948 0.394436 -1.24845 -1.38875 3.17464 3.12437 1.59655 1.77273 0.559291 -0.560657 -0.557696 0.542366 -2.57722 0.382316 -1.26012 -1.3729 3.09575 2.9194 1.70814 1.7881 -0.00962886 -0.00597876 0.0134731 0.017701 1.57677 -0.119291 -0.30108 0.265378 -1.11378 -3.50048 1.92323 0.0860146 -0.0177182 -0.00261535 0.015164 0.0288272 2.7797 -0.564211 -0.322979 0.492842 -2.90824 -6.21826 3.52684 0.603334 12 -11.5209 -12 9.06477 -0.612584 4.75771 -0.0570738 -0.751467 3.08987 -3.70857 5.30472 2.05568 11.0815 -11.728 -11.8754 11.296 1.82967 1.77608 0.685899 0.555159 -4.54339 -12 8.76775 3.04647 0 0 0 3.00371 0.739341 0.0933463 0.331822 0.722315 -2.26695 0.556994 -0.559606 -0.557089 0.545307 -2.28351 0.305749 -1.25327 -1.29025 2.59754 2.197 2.07009 1.83951 -0.0369965 0.0260863 -0.00226981 0.0413145 4.06877 -0.861156 0.637288 1.55596 -8.89766 -10.297 4.67541 0.292528 0.559843 -0.560482 -0.558266 0.541373 -2.66948 0.394436 -1.24845 -1.38875 3.17464 3.12437 1.59655 1.77273 0.559291 -0.560657 -0.557696 0.542366 -2.57722 0.382316 -1.26012 -1.3729 3.09575 2.9194 1.70814 1.7881 0.558319 -0.560453 -0.5572 0.543725 -2.44171 0.346175 -1.26688 -1.34283 2.9078 2.59597 1.87814 1.81758 -0.0177182 -0.00261535 0.015164 0.0288272 2.7797 -0.564211 -0.322979 0.492842 -2.90824 -6.21826 3.52684 0.603334 -0.0284203 0.0111076 0.00952598 0.0368799 3.66177 -1.12091 -0.0318444 0.972683 -5.80824 -9.10948 4.61419 0.694323 11.0815 -11.728 -11.8754 11.296 1.82967 1.77608 0.685899 0.555159 -4.54339 -12 8.76775 3.04647 7.85787 -11.3896 -11.6342 12 1.23866 -1.38157 1.44665 2.26116 -12 -12 9.70509 2.59319 0 0 0 3.01596 0.735886 0.102173 0.10731 0.678489 -2.31387 0.555062 -0.558469 -0.557521 0.547035 -2.11553 0.28846 -1.20373 -1.21211 2.19695 1.77978 2.22776 1.82193 -0.0573036 0.0282869 -0.0160632 0.0442554 4.27997 -0.146197 1.62403 2.17312 -10.4673 -10.4177 3.2525 -1.02179 0.559291 -0.560657 -0.557696 0.542366 -2.57722 0.382316 -1.26012 -1.3729 3.09575 2.9194 1.70814 1.7881 0.558319 -0.560453 -0.5572 0.543725 -2.44171 0.346175 -1.26688 -1.34283 2.9078 2.59597 1.87814 1.81758 0.556994 -0.559606 -0.557089 0.545307 -2.28351 0.305749 -1.25327 -1.29025 2.59754 2.197 2.07009 1.83951 -0.0284203 0.0111076 0.00952598 0.0368799 3.66177 -1.12091 -0.0318444 0.972683 -5.80824 -9.10948 4.61419 0.694323 -0.0369965 0.0260863 -0.00226981 0.0413145 4.06877 -0.861156 0.637288 1.55596 -8.89766 -10.297 4.67541 0.292528 7.85787 -11.3896 -11.6342 12 1.23866 -1.38157 1.44665 2.26116 -12 -12 9.70509 2.59319 4.93338 -10.2246 -11.4373 12 -0.210216 -1.96945 2.24365 3.15213 -12 -12 7.96426 0.779032 0 0 0 3.02677 0.732079 0.110678 0.509499 0.75613 -1.91668 0.552309 -0.557303 -0.558385 0.548786 -1.93841 0.295562 -1.11974 -1.1203 1.76724 1.37682 2.30295 1.7535 -0.0722923 0.0305328 -0.0238473 0.0429581 4.50475 0.308567 2.32271 2.3025 -10.7948 -9.77064 1.0212 -2.03624 0.558319 -0.560453 -0.5572 0.543725 -2.44171 0.346175 -1.26688 -1.34283 2.9078 2.59597 1.87814 1.81758 0.556994 -0.559606 -0.557089 0.545307 -2.28351 0.305749 -1.25327 -1.29025 2.59754 2.197 2.07009 1.83951 0.555062 -0.558469 -0.557521 0.547035 -2.11553 0.28846 -1.20373 -1.21211 2.19695 1.77978 2.22776 1.82193 -0.0369965 0.0260863 -0.00226981 0.0413145 4.06877 -0.861156 0.637288 1.55596 -8.89766 -10.297 4.67541 0.292528 -0.0573036 0.0282869 -0.0160632 0.0442554 4.27997 -0.146197 1.62403 2.17312 -10.4673 -10.4177 3.2525 -1.02179 4.93338 -10.2246 -11.4373 12 -0.210216 -1.96945 2.24365 3.15213 -12 -12 7.96426 0.779032 2.24325 -8.19041 -10.5525 12 -0.584466 -0.833762 2.59521 2.5739 -12 -12 4.86818 -1.72017 0 0 0 3.03452 0.728518 0.118911 0.92604 0.697904 -1.28634 0.549501 -0.556066 -0.55931 0.550319 -1.75915 0.306069 -1.0197 -1.0325 1.34677 1.01881 2.30541 1.66426 -0.0682117 0.0322026 -0.0220528 0.0337277 4.43021 0.166606 2.58295 2.0948 -10.2401 -8.38012 -0.502841 -2.27442 0.556994 -0.559606 -0.557089 0.545307 -2.28351 0.305749 -1.25327 -1.29025 2.59754 2.197 2.07009 1.83951 0.555062 -0.558469 -0.557521 0.547035 -2.11553 0.28846 -1.20373 -1.21211 2.19695 1.77978 2.22776 1.82193 0.552309 -0.557303 -0.558385 0.548786 -1.93841 0.295562 -1.11974 -1.1203 1.76724 1.37682 2.30295 1.7535 -0.0573036 0.0282869 -0.0160632 0.0442554 4.27997 -0.146197 1.62403 2.17312 -10.4673 -10.4177 3.2525 -1.02179 -0.0722923 0.0305328 -0.0238473 0.0429581 4.50475 0.308567 2.32271 2.3025 -10.7948 -9.77064 1.0212 -2.03624 2.24325 -8.19041 -10.5525 12 -0.584466 -0.833762 2.59521 2.5739 -12 -12 4.86818 -1.72017 1.35684 -6.03142 -8.97066 9.39625 0.1744 -0.125775 2.18579 1.41433 -12 -12 1.77084 -2.6799 0 0 0 3.03879 0.725505 0.125907 1.10462 0.626604 -0.645303 0.546955 -0.55473 -0.560034 0.551313 -1.59187 0.301242 -0.915201 -0.956298 0.969193 0.723687 2.26086 1.57574 -0.0605357 0.0351339 -0.0148725 0.0174892 4.0013 -0.320502 2.62584 1.77598 -8.88519 -6.77778 -1.48518 -2.12516 0.555062 -0.558469 -0.557521 0.547035 -2.11553 0.28846 -1.20373 -1.21211 2.19695 1.77978 2.22776 1.82193 0.552309 -0.557303 -0.558385 0.548786 -1.93841 0.295562 -1.11974 -1.1203 1.76724 1.37682 2.30295 1.7535 0.549501 -0.556066 -0.55931 0.550319 -1.75915 0.306069 -1.0197 -1.0325 1.34677 1.01881 2.30541 1.66426 -0.0722923 0.0305328 -0.0238473 0.0429581 4.50475 0.308567 2.32271 2.3025 -10.7948 -9.77064 1.0212 -2.03624 -0.0682117 0.0322026 -0.0220528 0.0337277 4.43021 0.166606 2.58295 2.0948 -10.2401 -8.38012 -0.502841 -2.27442 1.35684 -6.03142 -8.97066 9.39625 0.1744 -0.125775 2.18579 1.41433 -12 -12 1.77084 -2.6799 1.43073 -4.78217 -7.95486 6.86602 0.578364 -0.30896 2.30731 0.785289 -12 -12 0.543709 -2.78184 0 0 0 3.03993 0.72255 0.13249 1.21936 0.526361 0.000312422 0.544234 -0.552747 -0.560338 0.551323 -1.41406 0.262586 -0.785312 -0.880627 0.588253 0.44033 2.15668 1.48182 -0.0504744 0.0427583 0.000386254 -0.0114323 3.24791 -1.16319 2.56564 1.34227 -6.7565 -4.72204 -2.46634 -1.69781 0.552309 -0.557303 -0.558385 0.548786 -1.93841 0.295562 -1.11974 -1.1203 1.76724 1.37682 2.30295 1.7535 0.549501 -0.556066 -0.55931 0.550319 -1.75915 0.306069 -1.0197 -1.0325 1.34677 1.01881 2.30541 1.66426 0.546955 -0.55473 -0.560034 0.551313 -1.59187 0.301242 -0.915201 -0.956298 0.969193 0.723687 2.26086 1.57574 -0.0682117 0.0322026 -0.0220528 0.0337277 4.43021 0.166606 2.58295 2.0948 -10.2401 -8.38012 -0.502841 -2.27442 -0.0605357 0.0351339 -0.0148725 0.0174892 4.0013 -0.320502 2.62584 1.77598 -8.88519 -6.77778 -1.48518 -2.12516 1.43073 -4.78217 -7.95486 6.86602 0.578364 -0.30896 2.30731 0.785289 -12 -12 0.543709 -2.78184 1.66347 -3.47138 -6.78339 4.34708 0.899787 -0.734338 2.63194 0.350333 -12 -12 -0.708573 -2.62846 0 0 0 3.03841 0.720774 0.136391 1.19987 0.468974 0.336442 0.542367 -0.550923 -0.560001 0.54997 -1.29992 0.195505 -0.686226 -0.833912 0.361403 0.299121 2.04466 1.42085 -0.0443926 0.0473955 0.0129693 -0.0572428 2.559 -1.97444 2.41732 1.07633 -4.83478 -2.86621 -3.02545 -1.44124 0.549501 -0.556066 -0.55931 0.550319 -1.75915 0.306069 -1.0197 -1.0325 1.34677 1.01881 2.30541 1.66426 0.546955 -0.55473 -0.560034 0.551313 -1.59187 0.301242 -0.915201 -0.956298 0.969193 0.723687 2.26086 1.57574 0.544234 -0.552747 -0.560338 0.551323 -1.41406 0.262586 -0.785312 -0.880627 0.588253 0.44033 2.15668 1.48182 -0.0605357 0.0351339 -0.0148725 0.0174892 4.0013 -0.320502 2.62584 1.77598 -8.88519 -6.77778 -1.48518 -2.12516 -0.0504744 0.0427583 0.000386254 -0.0114323 3.24791 -1.16319 2.56564 1.34227 -6.7565 -4.72204 -2.46634 -1.69781 1.66347 -3.47138 -6.78339 4.34708 0.899787 -0.734338 2.63194 0.350333 -12 -12 -0.708573 -2.62846 1.84751 -2.57626 -5.96639 2.89029 1.02885 -1.22429 2.6912 0.256104 -11.7459 -11.2881 -1.7645 -2.46425 0 0 0 3.03544 0.719187 0.138694 0.977812 0.456586 0.56677 0.540678 -0.548971 -0.559208 0.542733 -1.21442 0.0932728 -0.594963 -0.797125 0.215302 0.236455 1.90751 1.36615 -0.0413884 0.0493398 0.0238435 -0.24783 1.91955 -2.75659 2.18782 0.834715 -3.03724 -1.20263 -3.56724 -1.32641 0.546955 -0.55473 -0.560034 0.551313 -1.59187 0.301242 -0.915201 -0.956298 0.969193 0.723687 2.26086 1.57574 0.544234 -0.552747 -0.560338 0.551323 -1.41406 0.262586 -0.785312 -0.880627 0.588253 0.44033 2.15668 1.48182 0.542367 -0.550923 -0.560001 0.54997 -1.29992 0.195505 -0.686226 -0.833912 0.361403 0.299121 2.04466 1.42085 -0.0504744 0.0427583 0.000386254 -0.0114323 3.24791 -1.16319 2.56564 1.34227 -6.7565 -4.72204 -2.46634 -1.69781 -0.0443926 0.0473955 0.0129693 -0.0572428 2.559 -1.97444 2.41732 1.07633 -4.83478 -2.86621 -3.02545 -1.44124 1.84751 -2.57626 -5.96639 2.89029 1.02885 -1.22429 2.6912 0.256104 -11.7459 -11.2881 -1.7645 -2.46425 1.8786 -1.84036 -5.44989 1.69552 1.02597 -1.94686 2.40796 0.268417 -11.3447 -9.47934 -2.831 -2.53802 0 0 0 3.03167 0.717883 0.139643 0.764648 0.391006 0.721361 0.539073 -0.547054 -0.558027 0.528335 -1.14926 -0.0336274 -0.514864 -0.76976 0.125357 0.223558 1.76256 1.31616 -0.0390052 0.0458578 0.0322525 -0.449238 1.45341 -3.51419 1.87471 0.571318 -1.82286 0.452293 -3.65702 -1.19681 0.544234 -0.552747 -0.560338 0.551323 -1.41406 0.262586 -0.785312 -0.880627 0.588253 0.44033 2.15668 1.48182 0.542367 -0.550923 -0.560001 0.54997 -1.29992 0.195505 -0.686226 -0.833912 0.361403 0.299121 2.04466 1.42085 0.540678 -0.548971 -0.559208 0.542733 -1.21442 0.0932728 -0.594963 -0.797125 0.215302 0.236455 1.90751 1.36615 -0.0443926 0.0473955 0.0129693 -0.0572428 2.559 -1.97444 2.41732 1.07633 -4.83478 -2.86621 -3.02545 -1.44124 -0.0413884 0.0493398 0.0238435 -0.24783 1.91955 -2.75659 2.18782 0.834715 -3.03724 -1.20263 -3.56724 -1.32641 1.8786 -1.84036 -5.44989 1.69552 1.02597 -1.94686 2.40796 0.268417 -11.3447 -9.47934 -2.831 -2.53802 1.92211 -1.55584 -5.02285 0.380266 0.777843 -2.78426 1.96892 -0.103384 -11.4175 -7.75527 -3.80993 -2.83623 0 0 0 3.02601 0.716985 0.138926 0.510736 0.204582 0.879617 0.537348 -0.545198 -0.556225 0.49702 -1.09634 -0.24711 -0.438208 -0.755198 0.0749283 0.335822 1.58796 1.2656 -0.029941 0.0285256 0.0377768 -0.744641 0.764667 -4.86655 1.24974 0.0610222 -0.503394 3.71247 -3.29778 -0.834817 0.542367 -0.550923 -0.560001 0.54997 -1.29992 0.195505 -0.686226 -0.833912 0.361403 0.299121 2.04466 1.42085 0.540678 -0.548971 -0.559208 0.542733 -1.21442 0.0932728 -0.594963 -0.797125 0.215302 0.236455 1.90751 1.36615 0.539073 -0.547054 -0.558027 0.528335 -1.14926 -0.0336274 -0.514864 -0.76976 0.125357 0.223558 1.76256 1.31616 -0.0413884 0.0493398 0.0238435 -0.24783 1.91955 -2.75659 2.18782 0.834715 -3.03724 -1.20263 -3.56724 -1.32641 -0.0390052 0.0458578 0.0322525 -0.449238 1.45341 -3.51419 1.87471 0.571318 -1.82286 0.452293 -3.65702 -1.19681 1.92211 -1.55584 -5.02285 0.380266 0.777843 -2.78426 1.96892 -0.103384 -11.4175 -7.75527 -3.80993 -2.83623 2.0553 -1.85535 -4.82851 -0.828424 -0.389609 -4.03252 1.11243 -0.986103 -10.6795 -4.85112 -4.4839 -3.11059 0 0 0 3.02132 0.717267 0.13771 0.485519 -0.0138691 0.869531 0.536364 -0.54439 -0.554685 0.471187 -1.08112 -0.447706 -0.401841 -0.760747 0.0822358 0.490281 1.46751 1.24814 -0.0189507 0.0124869 0.0390021 -0.497461 -0.120114 -5.43169 0.668187 -0.24213 1.35566 4.93538 -2.76727 -0.118181 0.540678 -0.548971 -0.559208 0.542733 -1.21442 0.0932728 -0.594963 -0.797125 0.215302 0.236455 1.90751 1.36615 0.539073 -0.547054 -0.558027 0.528335 -1.14926 -0.0336274 -0.514864 -0.76976 0.125357 0.223558 1.76256 1.31616 0.537348 -0.545198 -0.556225 0.49702 -1.09634 -0.24711 -0.438208 -0.755198 0.0749283 0.335822 1.58796 1.2656 -0.0390052 0.0458578 0.0322525 -0.449238 1.45341 -3.51419 1.87471 0.571318 -1.82286 0.452293 -3.65702 -1.19681 -0.029941 0.0285256 0.0377768 -0.744641 0.764667 -4.86655 1.24974 0.0610222 -0.503394 3.71247 -3.29778 -0.834817 2.0553 -1.85535 -4.82851 -0.828424 -0.389609 -4.03252 1.11243 -0.986103 -10.6795 -4.85112 -4.4839 -3.11059 2.70685 -3.40322 -4.9981 -1.27366 -3.00177 -5.5242 -0.65499 -2.40057 -7.54745 0.506183 -4.57942 -2.94351 0 0 0 3.01716 0.718169 0.137074 0.514954 -0.132685 0.78232 0.535887 -0.544318 -0.55314 0.459425 -1.10373 -0.675135 -0.391087 -0.774973 0.167163 0.709376 1.37133 1.25372 -0.00796692 -0.00389066 0.0368324 -0.195046 -0.833117 -5.78235 0.0793544 -0.404157 2.57781 5.65548 -2.29728 0.241836 0.539073 -0.547054 -0.558027 0.528335 -1.14926 -0.0336274 -0.514864 -0.76976 0.125357 0.223558 1.76256 1.31616 0.537348 -0.545198 -0.556225 0.49702 -1.09634 -0.24711 -0.438208 -0.755198 0.0749283 0.335822 1.58796 1.2656 0.536364 -0.54439 -0.554685 0.471187 -1.08112 -0.447706 -0.401841 -0.760747 0.0822358 0.490281 1.46751 1.24814 -0.029941 0.0285256 0.0377768 -0.744641 0.764667 -4.86655 1.24974 0.0610222 -0.503394 3.71247 -3.29778 -0.834817 -0.0189507 0.0124869 0.0390021 -0.497461 -0.120114 -5.43169 0.668187 -0.24213 1.35566 4.93538 -2.76727 -0.118181 2.70685 -3.40322 -4.9981 -1.27366 -3.00177 -5.5242 -0.65499 -2.40057 -7.54745 0.506183 -4.57942 -2.94351 3.56769 -4.80031 -5.10211 -0.490513 -5.27413 -6.14265 -2.40311 -3.00695 -3.88109 5.05757 -4.2811 -2.45839 0 0 0 3.01326 0.719018 0.135951 0.178522 -0.052751 0.729417 0.535763 -0.544731 -0.551896 0.455299 -1.14981 -0.906455 -0.397294 -0.792734 0.284451 0.930489 1.28131 1.26717 0.00129665 -0.0146806 0.0259787 -0.0712216 -1.50964 -5.78481 -0.289622 -0.455837 3.60708 5.53493 -2.23203 0.377291 0.537348 -0.545198 -0.556225 0.49702 -1.09634 -0.24711 -0.438208 -0.755198 0.0749283 0.335822 1.58796 1.2656 0.536364 -0.54439 -0.554685 0.471187 -1.08112 -0.447706 -0.401841 -0.760747 0.0822358 0.490281 1.46751 1.24814 0.535887 -0.544318 -0.55314 0.459425 -1.10373 -0.675135 -0.391087 -0.774973 0.167163 0.709376 1.37133 1.25372 -0.0189507 0.0124869 0.0390021 -0.497461 -0.120114 -5.43169 0.668187 -0.24213 1.35566 4.93538 -2.76727 -0.118181 -0.00796692 -0.00389066 0.0368324 -0.195046 -0.833117 -5.78235 0.0793544 -0.404157 2.57781 5.65548 -2.29728 0.241836 3.56769 -4.80031 -5.10211 -0.490513 -5.27413 -6.14265 -2.40311 -3.00695 -3.88109 5.05757 -4.2811 -2.45839 3.8646 -4.98848 -5.84543 -0.840818 -6.52911 -6.53195 -2.23965 -4.12052 -2.77752 6.40736 -4.77967 -3.60412 0 0 0 3.00954 0.719333 0.132446 -0.595276 0.0538387 0.693133 0.536089 -0.545508 -0.551298 0.452729 -1.22629 -1.13258 -0.416885 -0.811193 0.448676 1.14461 1.19131 1.28358 0.0123005 -0.0213832 0.00753183 -0.0745894 -2.13035 -5.51483 -0.597737 -0.458567 4.32582 5.14764 -2.29179 0.416762 0.536364 -0.54439 -0.554685 0.471187 -1.08112 -0.447706 -0.401841 -0.760747 0.0822358 0.490281 1.46751 1.24814 0.535887 -0.544318 -0.55314 0.459425 -1.10373 -0.675135 -0.391087 -0.774973 0.167163 0.709376 1.37133 1.25372 0.535763 -0.544731 -0.551896 0.455299 -1.14981 -0.906455 -0.397294 -0.792734 0.284451 0.930489 1.28131 1.26717 -0.00796692 -0.00389066 0.0368324 -0.195046 -0.833117 -5.78235 0.0793544 -0.404157 2.57781 5.65548 -2.29728 0.241836 0.00129665 -0.0146806 0.0259787 -0.0712216 -1.50964 -5.78481 -0.289622 -0.455837 3.60708 5.53493 -2.23203 0.377291 3.8646 -4.98848 -5.84543 -0.840818 -6.52911 -6.53195 -2.23965 -4.12052 -2.77752 6.40736 -4.77967 -3.60412 4.87104 -5.90224 -7.25987 -0.732057 -8.34088 -5.46072 -2.80376 -5.49542 -0.663306 8.05668 -5.1426 -4.34075 0 0 0 3.00578 0.719068 0.12456 -1.86183 0.232629 0.700067 0.536774 -0.546339 -0.551447 0.447404 -1.32251 -1.33897 -0.445362 -0.828263 0.6278 1.33233 1.09425 1.2989 0.0193874 -0.0194723 -0.00988958 -0.178939 -2.54674 -4.91973 -0.763361 -0.400329 4.517 4.42816 -2.51304 0.350778 0.535887 -0.544318 -0.55314 0.459425 -1.10373 -0.675135 -0.391087 -0.774973 0.167163 0.709376 1.37133 1.25372 0.535763 -0.544731 -0.551896 0.455299 -1.14981 -0.906455 -0.397294 -0.792734 0.284451 0.930489 1.28131 1.26717 0.536089 -0.545508 -0.551298 0.452729 -1.22629 -1.13258 -0.416885 -0.811193 0.448676 1.14461 1.19131 1.28358 0.00129665 -0.0146806 0.0259787 -0.0712216 -1.50964 -5.78481 -0.289622 -0.455837 3.60708 5.53493 -2.23203 0.377291 0.0123005 -0.0213832 0.00753183 -0.0745894 -2.13035 -5.51483 -0.597737 -0.458567 4.32582 5.14764 -2.29179 0.416762 4.87104 -5.90224 -7.25987 -0.732057 -8.34088 -5.46072 -2.80376 -5.49542 -0.663306 8.05668 -5.1426 -4.34075 5.6703 -6.4896 -8.3191 -0.764114 -9.04478 -4.40164 -3.09851 -6.42615 0.274166 8.29599 -5.58719 -5.23271 0 0 0 3.00173 0.718116 0.110774 -3.38625 0.41188 0.767294 0.537658 -0.546982 -0.552151 0.436553 -1.43199 -1.51971 -0.479547 -0.842654 0.807375 1.49694 0.993292 1.31071 0.0245174 -0.0139059 -0.0219928 -0.337262 -2.91299 -4.25308 -0.886304 -0.331833 4.6994 3.90755 -2.52888 0.257848 0.535763 -0.544731 -0.551896 0.455299 -1.14981 -0.906455 -0.397294 -0.792734 0.284451 0.930489 1.28131 1.26717 0.536089 -0.545508 -0.551298 0.452729 -1.22629 -1.13258 -0.416885 -0.811193 0.448676 1.14461 1.19131 1.28358 0.536774 -0.546339 -0.551447 0.447404 -1.32251 -1.33897 -0.445362 -0.828263 0.6278 1.33233 1.09425 1.2989 0.0123005 -0.0213832 0.00753183 -0.0745894 -2.13035 -5.51483 -0.597737 -0.458567 4.32582 5.14764 -2.29179 0.416762 0.0193874 -0.0194723 -0.00988958 -0.178939 -2.54674 -4.91973 -0.763361 -0.400329 4.517 4.42816 -2.51304 0.350778 5.6703 -6.4896 -8.3191 -0.764114 -9.04478 -4.40164 -3.09851 -6.42615 0.274166 8.29599 -5.58719 -5.23271 6.0655 -6.55157 -9.16997 -1.12608 -9.05704 -3.32209 -2.64857 -7.00668 1.4781 8.08679 -6.02135 -6.44422 0 0 0 2.99688 0.716514 0.0901654 -4.94492 0.534485 0.95105 0.53871 -0.547352 -0.553212 0.418657 -1.55355 -1.67026 -0.517354 -0.854501 0.993262 1.63848 0.896767 1.31864 0.0269984 -0.00583163 -0.0286314 -0.516734 -3.10387 -3.42823 -0.976128 -0.276571 4.66473 3.20505 -2.28997 0.161761 0.536089 -0.545508 -0.551298 0.452729 -1.22629 -1.13258 -0.416885 -0.811193 0.448676 1.14461 1.19131 1.28358 0.536774 -0.546339 -0.551447 0.447404 -1.32251 -1.33897 -0.445362 -0.828263 0.6278 1.33233 1.09425 1.2989 0.537658 -0.546982 -0.552151 0.436553 -1.43199 -1.51971 -0.479547 -0.842654 0.807375 1.49694 0.993292 1.31071 0.0193874 -0.0194723 -0.00988958 -0.178939 -2.54674 -4.91973 -0.763361 -0.400329 4.517 4.42816 -2.51304 0.350778 0.0245174 -0.0139059 -0.0219928 -0.337262 -2.91299 -4.25308 -0.886304 -0.331833 4.6994 3.90755 -2.52888 0.257848 6.0655 -6.55157 -9.16997 -1.12608 -9.05704 -3.32209 -2.64857 -7.00668 1.4781 8.08679 -6.02135 -6.44422 6.81381 -6.84555 -9.8513 -1.24284 -8.81634 -1.56592 -1.89601 -7.15085 3.2573 7.64349 -5.98469 -7.15652 0 0 0 2.98905 0.713996 0.0552477 -6.58441 0.623737 1.27087 0.540029 -0.547353 -0.554692 0.386679 -1.70796 -1.80738 -0.568945 -0.866681 1.2143 1.77375 0.796776 1.32316 0.0254438 0.00372455 -0.0288857 -0.715786 -3.03728 -2.24147 -1.09158 -0.217656 4.28473 2.26282 -1.69466 0.036701 0.536774 -0.546339 -0.551447 0.447404 -1.32251 -1.33897 -0.445362 -0.828263 0.6278 1.33233 1.09425 1.2989 0.537658 -0.546982 -0.552151 0.436553 -1.43199 -1.51971 -0.479547 -0.842654 0.807375 1.49694 0.993292 1.31071 0.53871 -0.547352 -0.553212 0.418657 -1.55355 -1.67026 -0.517354 -0.854501 0.993262 1.63848 0.896767 1.31864 0.0245174 -0.0139059 -0.0219928 -0.337262 -2.91299 -4.25308 -0.886304 -0.331833 4.6994 3.90755 -2.52888 0.257848 0.0269984 -0.00583163 -0.0286314 -0.516734 -3.10387 -3.42823 -0.976128 -0.276571 4.66473 3.20505 -2.28997 0.161761 6.81381 -6.84555 -9.8513 -1.24284 -8.81634 -1.56592 -1.89601 -7.15085 3.2573 7.64349 -5.98469 -7.15652 7.11024 -6.68889 -9.87938 -1.11836 -7.64413 -0.150396 -0.994751 -6.69903 4.48458 6.2439 -5.45136 -7.29454
