cmd 0 0 0
base_rpy -3.11566 0.0188593 -0.0091409
projected_gravity -0.0188582 0.00913915 -0.99978
body_omega -1.69345 -3.00734 -0.170191
base_acc -8.23622 -3.56028 15.3255
omega_world -1.7679 -2.96392 -0.174605
base_quat_wxyz 0.999861 -0.0046921 -0.00936935 -0.0130078
base_rot_mat 0.999486 0.0260998 -0.018614 -0.025924 0.999618 0.00962665 0.0188582 -0.00913915 0.99978
joint_pos_policy -0.025081 0.00586306 -0.0639402 0.058218 -0.770595 -0.768835 -0.78602 -0.758151 1.5223 1.51558 1.69881 1.56852
joint_vel_policy -0.188284 -0.199776 -1.07336 0.996708 -0.0786033 -0.0201277 -0.198386 0.356643 -0.379932 -0.483298 2.8506 0.240378
obs_contract cmd:3 base_rpy:3 body_omega:3 joint_pos:12 joint_vel:12 joint_pos_history:36 joint_vel_history:24 action_history:24
parity_build_id 2026-02-16-rpy-from-quat-history-abs-noise0-quat-fallback-rpy-actionhist-zero-delay1-rpy-step0-pi-canonical-neg
base_rpy_mode legacy_xyzw_from_rotmat_step0_pi_canonical_neg
history_frame_push_mode single_first_step
action_history_mode training_parity_zero_seed_delay1
history_seed_file_loaded 0
history_seed_file_used 0
history_seed_file_path none
joint_pos_history -0.0154456 0.0160288 -0.0222097 0.0225225 -0.767019 -0.768334 -0.765859 -0.767202 1.5376 1.53635 1.54786 1.54677 -0.0154456 0.0160288 -0.0222097 0.0225225 -0.767019 -0.768334 -0.765859 -0.767202 1.5376 1.53635 1.54786 1.54677 -0.0169234 0.0144708 -0.0264351 0.0251844 -0.76752 -0.768343 -0.770746 -0.768118 1.53592 1.53378 1.5723 1.55349
pos_hist -0.0154456 0.0160288 -0.0222097 0.0225225 -0.767019 -0.768334 -0.765859 -0.767202 1.5376 1.53635 1.54786 1.54677 -0.0154456 0.0160288 -0.0222097 0.0225225 -0.767019 -0.768334 -0.765859 -0.767202 1.5376 1.53635 1.54786 1.54677 -0.0169234 0.0144708 -0.0264351 0.0251844 -0.76752 -0.768343 -0.770746 -0.768118 1.53592 1.53378 1.5723 1.55349
joint_vel_history -4.81955e-05 4.67627e-05 -8.06083e-05 8.2291e-05 -3.73523e-05 -3.90167e-05 -5.99391e-06 -9.74351e-06 -3.02658e-06 -3.71957e-06 -2.61505e-05 -2.8804e-05 -0.0960959 -0.101135 -0.285067 0.176968 -0.0319891 -0.000180557 -0.302391 -0.0569164 -0.110741 -0.167963 1.561 0.43867
vel_hist -4.81955e-05 4.67627e-05 -8.06083e-05 8.2291e-05 -3.73523e-05 -3.90167e-05 -5.99391e-06 -9.74351e-06 -3.02658e-06 -3.71957e-06 -2.61505e-05 -2.8804e-05 -0.0960959 -0.101135 -0.285067 0.176968 -0.0319891 -0.000180557 -0.302391 -0.0569164 -0.110741 -0.167963 1.561 0.43867
action_history 0 0 0 0 0 0 0 0 0 0 0 0 1.62267 -4.30847 -6.11816 10.811 -0.0610975 -2.55409 2.49975 3.14418 -12 -12 6.23657 1.60083
tgt_hist 0 0 0 0 0 0 0 0 0 0 0 0 1.62267 -4.30847 -6.11816 10.811 -0.0610975 -2.55409 2.49975 3.14418 -12 -12 6.23657 1.60083
action_raw -0.211191 -1.32696 -6.01557 6.61408 -0.485827 -1.38754 2.03388 3.68579 -12 -12 0.969279 -0.986213
action_offset -0.0527977 -0.33174 -1.50389 1.65352 -0.121457 -0.346884 0.508469 0.921448 -3 -3 0.24232 -0.246553
target_joint_pos_policy -0.0682025 -0.315751 -1.52603 1.67596 -0.888427 -1.11517 -0.257396 0.154245 -1.46239 -1.46364 1.7902 1.30024
target_joint_pos -0.0682025 -0.888427 -1.46239 -0.315751 -1.11517 -1.46364 -1.52603 -0.257396 1.7902 1.67596 0.154245 1.30024
joint_limits_lower -0.51777 -2.6433 0.51876 -0.51777 -2.6433 0.51876 -0.51777 -2.6433 0.51876 -0.51777 -2.6433 0.51876
joint_limits_upper 0.51777 0.31086 2.76408 0.51777 0.31086 2.76408 0.51777 0.31086 2.76408 0.51777 0.31086 2.76408
effort_limits 24 24 36 24 24 36 24 24 36 24 24 36
target_joint_pos_clipped -0.0682025 -0.888427 0.51876 -0.315751 -1.11517 0.51876 -0.51777 -0.257396 1.7902 0.51777 0.154245 1.30024
pd_tau_raw -0.730631 -2.30161 -59.4279 -6.29244 -6.9126 -59.2462 -28.4903 10.7114 -0.167677 31.6572 17.9983 -5.53392
pd_tau_clipped -0.730631 -2.30161 -36 -6.29244 -6.9126 -36 -24 10.7114 -0.167677 24 17.9983 -5.53392
obs_flat 0 0 0 -3.11566 0.0188593 -0.0091409 -1.69345 -3.00734 -0.170191 -0.025081 0.00586306 -0.0639402 0.058218 -0.770595 -0.768835 -0.78602 -0.758151 1.5223 1.51558 1.69881 1.56852 -0.188284 -0.199776 -1.07336 0.996708 -0.0786033 -0.0201277 -0.198386 0.356643 -0.379932 -0.483298 2.8506 0.240378 -0.0154456 0.0160288 -0.0222097 0.0225225 -0.767019 -0.768334 -0.765859 -0.767202 1.5376 1.53635 1.54786 1.54677 -0.0154456 0.0160288 -0.0222097 0.0225225 -0.767019 -0.768334 -0.765859 -0.767202 1.5376 1.53635 1.54786 1.54677 -0.0169234 0.0144708 -0.0264351 0.0251844 -0.76752 -0.768343 -0.770746 -0.768118 1.53592 1.53378 1.5723 1.55349 -4.81955e-05 4.67627e-05 -8.06083e-05 8.2291e-05 -3.73523e-05 -3.90167e-05 -5.99391e-06 -9.74351e-06 -3.02658e-06 -3.71957e-06 -2.61505e-05 -2.8804e-05 -0.0960959 -0.101135 -0.285067 0.176968 -0.0319891 -0.000180557 -0.302391 -0.0569164 -0.110741 -0.167963 1.561 0.43867 0 0 0 0 0 0 0 0 0 0 0 0 1.62267 -4.30847 -6.11816 10.811 -0.0610975 -2.55409 2.49975 3.14418 -12 -12 6.23657 1.60083 0 0 0 0 0 0 0 0 0 0 0 0 0 0 0 0 0 0 0 0 0 0 0 0 0 0 0 0 0 0 0 0 0 0 0 0 0 0 0 0 0 0 0 0 0 0 0 0 0 0 0 0 0 0 0 0 0 0 0 0 0 0 0 0 0 0 0 0 0 0 0 0 0 0 0 0 0 0 0 0 0 0 0 0 0 0 0 0 0 0 0 0 0 0 0 0 0 0 0 0 0 0 0 0 0 0 0 0 0 0 0 0 0 0 0 0 0 0 0 0 0 0 0 0 0 0 0 0 0 0 0 0 0 0 0 0 0 0 0 0 0 0 0 0 0 0 0 0 0 0 0 0 0 0 0 0 0 0 0 0 0 0 0 0 0 0 0 0 0 0 0 0 0 0 0 0 0 0 0 0 0 0 0 0 0 0 0 0 0 0 0 0 0 0 0 0 0 0 0 0 0 0 0 0 0 0 0 0 0 0 0 0 0 0 0 0 0 0 0 0 0 0 0 0 0 0 0 0 0 0 0 0 0 0 0 0 0 0 0 0 0 0 0 0 0 0 0 0 0 0 0 0 0 0 0 0 0 0 0 0 0 0 0 0 0 0 0 0 0 0 0 0 0 0 0 0 0 0 0 0 0 0 0 0 0 0 0 0 0 0 0 0 0 0 0 0 0 0 0 0 0 0 0 0 0 0 0 0 0 0 0 0 0 0 0 0 0 0 0 0 0 0 0 0 0 0 0 0 0 0 0 0 0 0 0 0 0 0 0 0 0 0 0 0 0 0 0 0 0 0 0 0 0 0 0 0 0 0 0 0 0 0 0 0 0 0 0 0 0 0 0 0 0 0 0 0 0 0 0 0 0 0 0 0 0 0 0 0 0 0 0 0 0 0 0 0 0 0 0 0 0 0 0 0 0 0 0 0 0 0 0 0 0 0 0 0 0 0 0 0 0 0 0 0 0 0 0 0 0 0 0 0 0 0 0 0 0 0 0 0 0 0 0 0 0 0 0 0 0 0 0 0 0 0 0 0 0 0 0 0 0 0 0 0 0 0 0 0 0 0 0 0 0 0 0 0 0 0 0 0 0 0 0 0 0 0 0 0 0 0 0 0 0 0 0 0 0 0 0 0 0 0 0 0 0 0 0 0 0 0 0 0 0 0 0 0 0 0 0 0 0 0 0 0 0 0 0 0 0 0 0 0 0 0 0 0 0 0 0 0 0 0 0 0 0 0 0 0 0 0 0 0 0 0 0 0 0 0 0 0 0 0 0 0 0 0 0 0 0 0 0 0 0 0 0 0 0 0 0 0 0 0 0 0 0 0 0 0 0 0 0 0 0 0 0 0 0 0 0 0 0 0 0 0 0 0 0 0 0 0 0 0 0 0 0 0 0 0 0 0 0 0 0 0 0 0 0 0 0 0 0 0 0 0 0 0 0 0 0 0 0 0 0 0 0 0 0 0 0 0 0 0 0 0 0 0 0 0 0 0 0 0 0 0 0 0 0 0 0 0 0 0 0 0 0 0 0 0 0 0 0 0 0 0 0 0 0 0 0 0 0 0 0 0 0 0 0 0 0 0 0 0 0 0 0 0 0 0 0 0 0 0 0 0 0 0 0 0 0 0 0 0 0 0 0 0 0 0 0 0 0 0 0 0 0 0 0 0 0 0 0 0 0 0 0 0 0 0 0 0 0 0 0 0 0 0 0 0 0 0 0 0 0 0 0 0 0 0 0 0 0 0 0 0 0 0 0 0 0 0 0 0 0 0 0 0 0 0 0 0 0 0 0 0 0 0 0 0 0 0 0 0 0 0 0 0 0 0 0 0 0 0 0 0 0 0 0 0 0 0 0 0 0 0 0 0 0 0 0 0 0 0 0 0 0 0 0 0 0 0 0 0 0 0 0 0 0 0 0 0 0 0 0 0 0 0 0 0 0 0 0 0 0 0 0 0 0 0 0 0 0 0 0 0 0 0 0 0 0 0 0 0 0 0 0 0 0 0 0 0 0 0 0 0 0 0 0 0 0 0 0 0 0 0 0 0 0 0 0 0 0 0 0 0 0 0 0 0 0 0 0 0 0 0 0 0 0 0 0 0 0 0 0 0 0 0 0 0 0 0 0 0 0 0 0 0 0 0 0 0 0 0 0 0 0 0 0 0 0 0 0 0 0 0 0 0 0 0 0 0 0 0 0 0 0 0 0 0 0 0 0 0 0 0 0 0 0 0 0 0 0 0 0 0 0 0 0 0 0 0 0 0 0 0 0 0 0 0 0 0 0 0 0 0 0 0 0 0 0 0 0 0 0 0 0 0 0 0 0 0 0 0 0 0 0 0 0 0 0 0 0 0 0 0 0 0 0 0 0 0 0 0 0 0 0 0 0 0 0 0 0 0 0 0 0 0 0 0 0 0 0 0 0 0 0 0 0 0 0 0 0 0 0 0 0 0 0 0 0 0 0 0 0 0 0 0 0 0 0 0 0 0 0 0 0 0 0 0 0 0 0 0 0 0 0 0 0 0 0 0 0 0 0 0 0 0 0 0 0 0 0 0 0 0 0 0 0 0 0 0 0 0 0 0 0 0 0 0 0 0 0 0 0 0 0 0 0 0 0 0 0 0 0 0 0 0 0 0 0 0 0 0 0 0 0 0 0 0 0 0 0 0 0 0 0 0 0 0 0 0 0 0 0 0 0 0 0 0 0 0 0 0 0 0 0 0 0 0 0 0 0 0 0 0 0 0 0 0 0 0 0 0 0 0 0 0 0 0 0 0 0 0 0 0 0 0 0 0 0 0 0 0 0 0 0 0 0 0 0 0 0 0 0 0 0 0 0 0 0 0 0 0 0 0 0 0 0 0 0 0 0 0 0 0 0 0 0 0 0 0 0 0 0 0 0 0 0 0 0 0 0 0 0 0 0 0 0 0 0 0 0 0 0 0 0 0 0 0 0 0 0 0 0 0 0 0 0 0 0 0 0 0 0 0 0 0 0 0 0 0 0 0 0 0 0 0 0 0 0 0 0 0 0 0 0 0 0 0 0 0 0 0 0 0 0 0 0 0 0 0 0 0 0 0 0 0 0 0 0 0 0 0 0 0 0 0 0 0 0 0 0 0 0 0 0 0 0 0 0 0 0 0 0 0 0 0 0 0 0 0 0 0 0 0 0 0 0 0 0 0 0 0 0 0 0 0 0 0 0 0 0 0 0 0 0 0 0 0 0 0 0 0 0 0 0 0 0 0 0 0 0 0 0 0 0 0 0 0 0 0 0 0 0 0 0 0 0 0 0 0 0 0 0 0 0 0 0 0 0 0 0 0 0 0 0 0 0 0 0 0 0 0 0 0 0 0 0 0 0 0 0 0 0 0 0 0 0 0 0 0 0 0 0 0 0 0 0 0 0 0 0 0 0 0 0 0 0 0 0 0 0 0 0 0 0 0 0 0 0 0 0 0 0 0 0 0 0 0 0 0 0 0 0 0 0 0 0 0 0 0 0 0 0 0 0 0 0 0 0 0 0 0 0 0 0 0 0 0 0 0 0 0 0 0 0 0 0 0 0 0 0 0 0 0 0 0 0 0 0 0 0 0 0 0 0 0 0 0 0 0 0 0 0 0 0 0 0 0 0 0 0 0 0 0 0 0 0 0 0 0 0 0 0 0 0 0 0 0 0 0 0 0 0 0 0 0 0 0 0 0 0 0 0 0 0 0 0 0 0 0 0 0 0 0 0 0 0 0 0 0 0 0 0 0 0 0 0 0 0 0 0 0 0 0 0 0 0 0 0 0 0 0 0 0 0 0 0 0 0 0 0 0 0 0 0 0 0 0 0 0 0 0 0 0 0 0 0 0 0 0 0 0 0 0 0 0 0 0 0 0 0 0 0 0 0 0 0 0 0 0 0 0 0 0 0 0 0 0 0 0 0 0 0 0 0 0 0 0 0 0 0 0 0 0 0 0 0 0 0 0 0 0 0 0 0 0 0 0 0 0 0 0 0 0 0 0 0 0 0 0 0 0 0 0 0 0 0 0 0 0 0 0 0 0 0 0 0 0 0 0 0 0 0 0 0 0 0 0 0 0 0 0 0 0 0 0 0 0 0 0 0 0 0 0 0 0 0 0 0 0 0 0 0 0 0 0 0 0 0 0 0 0 0 0 0 0 0 0 0 0 0 0 0 0 0 0 0 0 0 0 0 0 0 0 0 0 0 0 0 0 0 0 0 0 0 0 0 0 0 0 0 0 0 0 0 0 0 0 0 0 0 0 0 0 0 0 0 0 0 0 0 0 0 0 0 0 0 0 0 0 0 0 0 0 0 0 0 0 0 0 0 0 0 0 0 0 0 0 0 0 0 0 0 0 0 0 0 0 0 0 0 0 0 0 0 0 0 0 0 0 0 0 0 0 0 0 0 0 0 0 0 0 0 0 0 0 0 0 0 0 0 0 0 0 0 0 0 0 0 0 0 0 0 0 0 0 0 0 0 0 0 0 0 0 0 0 0 0 0 0 0 0 0 0 0 0 0 0 0 0 0 0 0 0 0 0 0 0 0 0 0 0 0 0 0 0 0 0 0 0 0 0 0 0 0 0 0 0 0 0 0 0 0 0 0 0 0 0 0 0 0 0 0 0 0 0 0 0 0 0 0 0 0 0 0 0 0 0 0 0 0 0 0 0 0 0 0 0 0 0 0 0 0 0 0 0 0 0 0 0 0 0 0 0 0 0 0 0 0 0 0 0 0 0 0 0 0 0 0 0 0 0 0 0 0 0 0 0 0 0 0 0 0 0 0 0 0 0 0 0 0 0 0 0 0 0 0 0 0 0 0 0 0 0 0 0 0 0 0 0 0 0 0 0 0 0 0 0 0 0 0 0 0 0 0 0 0 0 0 0 0 0 0 0 0 0 0 0 0 0 0 0 0 0 0 0 0 0 0 0 0 0 0 0 0 0 0 0 0 0 0 0 0 0 0 0 0 0 0 0 0 0 0 0 0 0 0 0 0 0 0 0 0 0 0 0 0 0 0 0 0 0 0 0 0 0 0 0 0 0 0 0 0 0 0 0 0 0 0 0 0 0 0 0 0 0 0 0 0 0 0 0 0 0 0 0 0 0 0 0 0 0 0 0 0 0 0 0 0 0 0 0 0 0 0 0 0 0 0 0 0 0 0 0 0 0 0 0 0 0 0 0 0 0 0 0 0 0 0 0 0 0 0 0 0 0 0 0 0 0 0 0 0 0 0 0 0 0 0 0 0 0 0 0 0 0 0 0 0 0 0 0 0 0 0 0 0 0 0 0 0 0 0 0 0 0 0 0 0 0 0 0 0 0 0 0 0 0 0 0 0 0 0 0 0 0 0 0 0 0 0 0 0 0 0 0 0 0 0 0 0 0 0 0 0 0 0 0 0 0 0 0 0 0 0 0 0 0 0 0 0 0 0 0 0 0 0 0 0 0 0 0 0 0 0 0 0 0 0 0 0 0 0 0 0 0 0 0 0 0 0 0 0 0 0 0 0 0 0 0 0 0 0 0 0 0 0 0 0 0 0 0 0 0 0 0 0 0 0 0 0 0 0 0 0 0 0 0 0 0 0 0 0 0 0 0 0 0 0 0 0 0 0 0 0 0 0 0 0 0 0 0 0 0 0 0 0 0 0 0 0 0 0 0 0 0 0 0 0 0 0 0 0 0 0 0 0 0 0 0 0 0 0 0 0 0 0 0 0 0 0 0 0 0 0 0 0 0 0 0 0 0 0 0 0 0 0 0 0 0 0 0 0 0 0 0 0 0 0 0 0 0 0 0 0 0 0 0 0 0 0 0 0 0 0 0 0 0 0 0 0 0 0 0 0 0 0 0 0 0 0 0 0 0 0 0 0 0 0 0 0 0 0 0 0 0 0 0 0 0 0 0 0 0 0 0 0 0 0 0 0 0 0 0 0 0 0 0 0 0 0 0 0 0 0 0 0 0 0 0 0 0 0 0 0 0 0 0 0 0 0 0 0 0 0 0 0 0 0 0 0 0 0 0 0 0 0 0 0 0 0 0 0 0 0 0 0 0 0 0 0 0 0 0 0 0 0 0 0 0 0 0 0 0 0 0 0 0 0 0 0 0 0 0 0 0 0 0 0 0 0 0 0 0 0 0 0 0 0 0 0 0 0 0 0 0 0 0 0 0 0 0 0 0 0 0 0 0 0 0 0 0 0 0 0 0 0 0 0 0 0 0 0 0 0 0 0 0 0 0 0 0 0 0 0 0 0 0 0 0 0 0 0 0 0 0 0 0 0 0 0 0 0 0 0 0 0 0 0 0 0 0 0 0 0 0 0 0 0 0 0 0 0 0 0 0 0 0 0 0 0 0 0 0 0 0 0 0 0 0 0 0 0 0 0 0 0 0 0 0 0 0 0 0 0 0 0 0 0 0 0 0 0 0 0 0 0 0 0 0 0 0 0 0 0 0 0 0 0 0 0 0 0 0 0 0 0 0 0 0 0 0 0 0 0 0 0 0 0 0 0 0 0 0 0 0 0 0 0 0 0 0 0 0 0 0 0 0 0 0 0 0 0 0 0 0 0 0 0 0 0 0 0 0 0 0 0 0 0 0 0 0 0 0 0 0 0 0 0 0 0 0 0 0 0 0 0 0 0 0 0 0 0 0 0 0 0 0 0 0 0 0 0 0 0 0 0 0 0 0 0 0 0 0 0 0 0 0 0 0 0 0 0 0 0 0 0 0 0 0 0 0 0 0 0 0 0 0 0 0 0 0 0 0 0 0 0 0 0 0 0 0 0 0 0 0 0 0 0 0 0 0 0 0 0 0 0 0 0 0 0 0 0 0 0 0 0 0 0 0 0 0 0 0 0 0 0 0 0 0 0 0 0 0 0 0 0 0 0 0 0 0 0 0 0 0 0 0 0 0 0 0 0 0 0 0 0 0 0 0 0 0 0 0 0 0 0 0 0 0 0 0 0 0 0 0 0 0 0 0 0 0 0 0 0 0 0 0 0 0 0 0 0 0 0 0 0 0 0 0 0 0 0 0 0 0 0 0 0 0 0 0 0 0 0 0 0 0 0 0 0 0 0 0 0 0 0 0 0 0 0 0 0 0 0 0 0 0 0 0 0 0 0 0 0 0 0 0 0 0 0 0 0 0 0 0 0 0 0 0 0 0 0 0 0 0 0 0 0 0 0 0 0 0 0 0 0 0 0 0 0 0 0 0 0 0 0 0 0 0 0 0 0 0 0 0 0 0 0 0 0 0 0 0 0 0 0 0 0 0 0 0 0 0 0 0 0 0 0 0 0 0 0 0 0 0 0 0 0 0 0 0 0 0 0 0 0 0 0 0 0 0 0 0 0 0 0 0 0 0 0 0 0 0 0 0 0 0 0 0 0 0 0 0 0 0 0 0 0 0 0 0 0 0 0 0 0 0 0 0 0 0 0 0 0 0 0 0 0 0 0 0 0 0 0 0 0 0 0 0 0 0 0 0 0 0 0 0 0 0 0 0 0 0 0 0 0 0 0 0 0 0 0 0 0 0 0 0 0 0 0 0 0 0 0 0 0 0 0 0 0 0 0 0 0 0 0 0 0 0 0 0 0 0 0 0 0 0 0 0 0 0 0 0 0 0 0 0 0 0 0 0 0 0 0 0 0 0 0 0 0 0 0 0 0 0 0 0 0 0 0 0 0 0 0 0 0 0 0 0 0 0 0 0 0 0 0 0 0 0 0 0 0 0 0 0 0 0 0 0 0 0 0 0 0 0 0 0 0 0 0 0 0 0 0 0 0 0 0 0 0 0 0 0 0 0 0 0 0 0 0 0 0 0 0 0 0 0 0 0 0 0 0 0 0 0 0 0 0 0 0 0 0 0 0 0 0 0 0 0 0 0 0 0 0 0 0 0 0 0 0 0 0 0 0 0 0 0 0 0 0 0 0 0 0 0 0 0 0 0 0 0 0 0 0 0 0 0 0 0 0 0 0 0 0 0 0 0 0 0 0 0 0 0 0 0 0 0 0 0 0 0 0 0 0 0 0 0 0 0 0 0 0 0 0 0 0 0 0 0 0 0 0 0 0 0 0 0 0 0 0 0 0 0 0 0 0 0 0 0 0 0 0 0 0 0 0 0 0 0 0 0 0 0 0 0 0 0 0 0 0 0 0 0 0 0 0 0 0 0 0 0 0 0 0 0 0 0 0 0 0 0 0 0 0 0 0 0 0 0 0 0 0 0 0 0 0 0 0 0 0 0 0 0 0 0 0 0 0 0 0 0 0 0 0 0 0 0 0 0 0 0 0 0 0 0 0 0 0 0 0 0 0 0 0 0 0 0 0 0 0 0 0 0 0 0 0 0 0 0 0 0 0 0 0 0 0 0 0 0 0 0 0 0 0 0 0 0 0 0 0 0 0 0 0 0 0 0 0 0 0 0 0 0 0 0 0 0 0 0 0 0 0 0 0 0 0 0 0 0 0 0 0 0 0 0 0 0 0 0 0 0 0 0 0 0 0 0 0 0 0 0 0 0 0 0 0 0 0 0 0 0 0 0 0 0 0 0 0 0 0 0 0 0 0 0 0 0 0 0 0 0 0 0 0 0 0 0 0 0 0 0 0 0 0 0 0 0 0 0 0 0 0 0 0 0 0 0 0 0 0 0 0 0 0 0 0 0 0 0 0 0 0 0 0 0 0 0 0 0 0 0 0 0 0 0 0 0 0 0 0 0 0 0 0 0 0 0 0 0 0 0 0 0 0 0 0 0 0 0 0 0 0 0 0 0 0 0 0 0 0 0 0 0 0 0 0 0 0 0 0 0 0 0 0 0 0 0 0 0 0 0 0 0 0 0 0 0 0 0 0 0 0 0 0 0 0 0 0 0 0 0 0 0 0 0 0 0 0 0 0 0 0 0 0 0 0 0 0 0 0 0 0 0 0 0 0 0 0 0 0 0 0 0 0 0 0 0 0 0 0 0 0 0 0 0 0 0 0 0 0 0 0 0 0 0 0 0 0 0 0 0 0 0 0 0 0 0 0 0 0 0 0 0 0 0 0 0 0 0 0 0 0 0 0 0 0 0 0 0 0 0 0 0 0 0 0 0 0 0 0 0 0 0 0 0 0 0 0 0 0 0 0 0 0 0 0 0 0 0 0 0 0 0 0 0 0 0 0 0 0 0 0 0 0 0 0 0 0 0 0 0 0 0 0 0 0 0 0 0 0 0 0 0 0 0 0 0 0 0 0 0 0 0 0 0 0 0 0 0 0 0 0 0 0 0 0 0 0 0 0 0 0 0 0 0 0 0 0 0 0 0 0 0 0 0 0 0 0 0 0 0 0 0 0 0 0 0 0 0 0 0 0 0 0 0 0 0 0 0 0 0 0 0 0 0 0 0 0 0 0 0 0 0 0 0 0 0 0 0 0 0 0 0 0 0 0 0 0 0 0 0 0 0 0 0 0 0 0 0 0 0 0 0 0 0 0 0 0 0 0 0 0 0 0 0 0 0 0 0 0 0 0 0 0 0 0 0 0 0 0 0 0 0 0 0 0 0 0 0 0 0 0 0 0 0 0 0 0 0 0 0 0 0 0 0 0 0 0 0 0 0 0 0 0 0 0 0 0 0 0 0 0 0 0 0 0 0 0 0 0 0 0 0 0 0 0 0 0 0 0 0 0 0 0 0 0 0 0 0 0 0 0 0 0 0 0 0 0 0 0 0 0 0 0 0 0 0 0 0 0 0 0 0 0 0 0 0 0 0 0 0 -3.11643 0.0064217 -0.00044972 -7.66308e-06 9.05777e-06 -2.25002e-05 -0.0154456 0.0160288 -0.0222097 0.0225225 -0.767019 -0.768334 -0.765859 -0.767202 1.5376 1.53635 1.54786 1.54677 -4.81955e-05 4.67627e-05 -8.06083e-05 8.2291e-05 -3.73523e-05 -3.90167e-05 -5.99391e-06 -9.74351e-06 -3.02658e-06 -3.71957e-06 -2.61505e-05 -2.8804e-05 -0.0154456 0.0160288 -0.0222097 0.0225225 -0.767019 -0.768334 -0.765859 -0.767202 1.5376 1.53635 1.54786 1.54677 -0.0154456 0.0160288 -0.0222097 0.0225225 -0.767019 -0.768334 -0.765859 -0.767202 1.5376 1.53635 1.54786 1.54677 -0.0154456 0.0160288 -0.0222097 0.0225225 -0.767019 -0.768334 -0.765859 -0.767202 1.5376 1.53635 1.54786 1.54677 -4.81955e-05 4.67627e-05 -8.06083e-05 8.2291e-05 -3.73523e-05 -3.90167e-05 -5.99391e-06 -9.74351e-06 -3.02658e-06 -3.71957e-06 -2.61505e-05 -2.8804e-05 -4.81955e-05 4.67627e-05 -8.06083e-05 8.2291e-05 -3.73523e-05 -3.90167e-05 -5.99391e-06 -9.74351e-06 -3.02658e-06 -3.71957e-06 -2.61505e-05 -2.8804e-05 0 0 0 0 0 0 0 0 0 0 0 0 0 0 0 0 0 0 0 0 0 0 0 0 0 0 0 -3.11631 0.00787104 -0.00178818 -0.873013 -0.948762 -0.0781345 -0.0169234 0.0144708 -0.0264351 0.0251844 -0.76752 -0.768343 -0.770746 -0.768118 1.53592 1.53378 1.5723 1.55349 -0.0960959 -0.101135 -0.285067 0.176968 -0.0319891 -0.000180557 -0.302391 -0.0569164 -0.110741 -0.167963 1.561 0.43867 -0.0154456 0.0160288 -0.0222097 0.0225225 -0.767019 -0.768334 -0.765859 -0.767202 1.5376 1.53635 1.54786 1.54677 -0.0154456 0.0160288 -0.0222097 0.0225225 -0.767019 -0.768334 -0.765859 -0.767202 1.5376 1.53635 1.54786 1.54677 -0.0154456 0.0160288 -0.0222097 0.0225225 -0.767019 -0.768334 -0.765859 -0.767202 1.5376 1.53635 1.54786 1.54677 -4.81955e-05 4.67627e-05 -8.06083e-05 8.2291e-05 -3.73523e-05 -3.90167e-05 -5.99391e-06 -9.74351e-06 -3.02658e-06 -3.71957e-06 -2.61505e-05 -2.8804e-05 -4.81955e-05 4.67627e-05 -8.06083e-05 8.2291e-05 -3.73523e-05 -3.90167e-05 -5.99391e-06 -9.74351e-06 -3.02658e-06 -3.71957e-06 -2.61505e-05 -2.8804e-05 0 0 0 0 0 0 0 0 0 0 0 0 0 0 0 0 0 0 0 0 0 0 0 0 0 0 0 -3.11566 0.0188593 -0.0091409 -1.69345 -3.00734 -0.170191 -0.025081 0.00586306 -0.0639402 0.058218 -0.770595 -0.768835 -0.78602 -0.758151 1.5223 1.51558 1.69881 1.56852 -0.188284 -0.199776 -1.07336 0.996708 -0.0786033 -0.0201277 -0.198386 0.356643 -0.379932 -0.483298 2.8506 0.240378 -0.0154456 0.0160288 -0.0222097 0.0225225 -0.767019 -0.768334 -0.765859 -0.767202 1.5376 1.53635 1.54786 1.54677 -0.0154456 0.0160288 -0.0222097 0.0225225 -0.767019 -0.768334 -0.765859 -0.767202 1.5376 1.53635 1.54786 1.54677 -0.0169234 0.0144708 -0.0264351 0.0251844 -0.76752 -0.768343 -0.770746 -0.768118 1.53592 1.53378 1.5723 1.55349 -4.81955e-05 4.67627e-05 -8.06083e-05 8.2291e-05 -3.73523e-05 -3.90167e-05 -5.99391e-06 -9.74351e-06 -3.02658e-06 -3.71957e-06 -2.61505e-05 -2.8804e-05 -0.0960959 -0.101135 -0.285067 0.176968 -0.0319891 -0.000180557 -0.302391 -0.0569164 -0.110741 -0.167963 1.561 0.43867 0 0 0 0 0 0 0 0 0 0 0 0 1.62267 -4.30847 -6.11816 10.811 -0.0610975 -2.55409 2.49975 3.14418 -12 -12 6.23657 1.60083
