cmd 0 0 0
base_rpy 2.75007 0.54884 -0.0882733
projected_gravity -0.521698 0.0752109 -0.849809
body_omega 2.04955 -0.832268 0.271617
base_acc -1.7488 -7.56936 24.8247
omega_world 1.75759 -0.145401 1.36266
base_quat_wxyz 0.945604 0.0109989 -0.273815 0.175323
base_rot_mat 0.788575 -0.337595 -0.513984 0.325549 0.938282 -0.116813 0.521698 -0.0752109 0.849809
joint_pos_policy 0.226277 -0.449689 -0.555459 0.59127 -1.09952 -1.66415 -0.361892 -0.512823 0.247593 0.405686 1.08575 1.0144
joint_vel_policy 0.390657 -1.24025 0.0105879 1.00513 0.632034 1.07952 -0.458467 0.925865 -1.6418 -4.748 2.5979 -0.144851
obs_contract cmd:3 base_rpy:3 body_omega:3 joint_pos:12 joint_vel:12 joint_pos_history:36 joint_vel_history:24 action_history:24
parity_build_id 2026-02-16-rpy-from-quat-history-abs-noise0-quat-fallback-rpy-actionhist-zero-delay1-rpy-step0-pi-canonical-neg
base_rpy_mode legacy_xyzw_from_rotmat_step0_pi_canonical_neg
history_frame_push_mode single_first_step
action_history_mode training_parity_zero_seed_delay1
history_seed_file_loaded 0
history_seed_file_used 0
history_seed_file_path none
joint_pos_history 0.157455 -0.406917 -0.557871 0.443221 -1.25632 -1.89901 -0.265916 -0.55342 0.627525 1.19373 0.769673 1.00539 0.178167 -0.397665 -0.557578 0.471157 -1.19443 -1.81822 -0.295635 -0.558105 0.480931 0.957884 0.847418 1.01658 0.208176 -0.408311 -0.556131 0.543605 -1.12985 -1.71881 -0.33743 -0.54239 0.324905 0.625856 0.975991 1.01535
pos_hist 0.157455 -0.406917 -0.557871 0.443221 -1.25632 -1.89901 -0.265916 -0.55342 0.627525 1.19373 0.769673 1.00539 0.178167 -0.397665 -0.557578 0.471157 -1.19443 -1.81822 -0.295635 -0.558105 0.480931 0.957884 0.847418 1.01658 0.208176 -0.408311 -0.556131 0.543605 -1.12985 -1.71881 -0.33743 -0.54239 0.324905 0.625856 0.975991 1.01535
joint_vel_history 0.560704 0.122581 0.017031 0.945366 1.80196 2.16251 -0.830714 0.0390308 -4.25636 -6.57569 2.3421 0.14719 0.572699 -0.575295 0.0275443 1.53886 1.00618 1.74303 -0.798564 0.513675 -2.4939 -6.32188 2.76056 -0.0735724
vel_hist 0.560704 0.122581 0.017031 0.945366 1.80196 2.16251 -0.830714 0.0390308 -4.25636 -6.57569 2.3421 0.14719 0.572699 -0.575295 0.0275443 1.53886 1.00618 1.74303 -0.798564 0.513675 -2.4939 -6.32188 2.76056 -0.0735724
action_history 2.11738 -2.83483 -5.80953 9.17656 2.54117 -2.29466 2.74466 3.59425 -12 -12 1.65858 -1.08049 1.35193 -3.47455 -7.177 12 0.876247 -3.27706 3.91208 5.10041 -12 -12 2.72093 -0.955308
tgt_hist 2.11738 -2.83483 -5.80953 9.17656 2.54117 -2.29466 2.74466 3.59425 -12 -12 1.65858 -1.08049 1.35193 -3.47455 -7.177 12 0.876247 -3.27706 3.91208 5.10041 -12 -12 2.72093 -0.955308
action_raw -0.578715 -2.52906 -7.70221 9.49653 -0.409969 -1.88036 3.03789 5.12248 -12 -12 0.347269 -3.03519
action_offset -0.144679 -0.632266 -1.92555 2.37413 -0.102492 -0.470091 0.759472 1.28062 -3 -3 0.0868172 -0.758797
target_joint_pos_policy -0.160084 -0.616277 -1.94768 2.39658 -0.869462 -1.23838 -0.00639302 0.513418 -1.46239 -1.46364 1.6347 0.787993
target_joint_pos -0.160084 -0.869462 -1.46239 -0.616277 -1.23838 -1.46364 -1.94768 -0.00639302 1.6347 2.39658 0.513418 0.787993
joint_limits_lower -0.51777 -2.6433 0.51876 -0.51777 -2.6433 0.51876 -0.51777 -2.6433 0.51876 -0.51777 -2.6433 0.51876
joint_limits_upper 0.51777 0.31086 2.76408 0.51777 0.31086 2.76408 0.51777 0.31086 2.76408 0.51777 0.31086 2.76408
effort_limits 24 24 36 24 24 36 24 24 36 24 24 36
target_joint_pos_clipped -0.160084 -0.869462 0.51876 -0.51777 -1.23838 0.51876 -0.51777 -0.00639302 1.6347 0.51777 0.31086 0.787993
pd_tau_raw -8.00067 4.15868 -33.0504 -2.46359 7.75975 -34.0629 -27.8519 7.43091 9.16039 35.4025 19.8767 -4.42676
pd_tau_clipped -8.00067 4.15868 -33.0504 -2.46359 7.75975 -34.0629 -24 7.43091 9.16039 24 19.8767 -4.42676
obs_flat 0 0 0 2.75007 0.54884 -0.0882733 2.04955 -0.832268 0.271617 0.226277 -0.449689 -0.555459 0.59127 -1.09952 -1.66415 -0.361892 -0.512823 0.247593 0.405686 1.08575 1.0144 0.390657 -1.24025 0.0105879 1.00513 0.632034 1.07952 -0.458467 0.925865 -1.6418 -4.748 2.5979 -0.144851 0.157455 -0.406917 -0.557871 0.443221 -1.25632 -1.89901 -0.265916 -0.55342 0.627525 1.19373 0.769673 1.00539 0.178167 -0.397665 -0.557578 0.471157 -1.19443 -1.81822 -0.295635 -0.558105 0.480931 0.957884 0.847418 1.01658 0.208176 -0.408311 -0.556131 0.543605 -1.12985 -1.71881 -0.33743 -0.54239 0.324905 0.625856 0.975991 1.01535 0.560704 0.122581 0.017031 0.945366 1.80196 2.16251 -0.830714 0.0390308 -4.25636 -6.57569 2.3421 0.14719 0.572699 -0.575295 0.0275443 1.53886 1.00618 1.74303 -0.798564 0.513675 -2.4939 -6.32188 2.76056 -0.0735724 2.11738 -2.83483 -5.80953 9.17656 2.54117 -2.29466 2.74466 3.59425 -12 -12 1.65858 -1.08049 1.35193 -3.47455 -7.177 12 0.876247 -3.27706 3.91208 5.10041 -12 -12 2.72093 -0.955308 0 0 0 2.952 0.715414 0.0071003 1.74576 1.54341 0.702033 0.525003 -0.544219 -0.561992 0.696102 -1.46273 -1.42923 -0.808245 -0.722282 0.490021 0.466855 1.54609 1.31685 -0.494991 -0.00500372 -0.00402348 1.41122 2.70724 1.52178 1.25334 2.1154 -5.91591 -5.27822 1.50975 -0.827038 0.543794 -0.543533 -0.563544 0.394687 -1.86726 -1.69382 -0.808593 -0.891846 1.41876 1.36334 1.13259 1.34274 0.543461 -0.54356 -0.562618 0.518485 -1.70673 -1.57578 -0.851562 -0.857165 1.04185 0.978013 1.33613 1.34949 0.540023 -0.543883 -0.562004 0.627372 -1.57618 -1.4972 -0.84651 -0.799784 0.74206 0.702076 1.46251 1.34004 -0.00922471 -0.00344225 0.0216688 2.962 3.40063 2.15997 -0.41064 1.08449 -7.94556 -7.44046 3.61233 -0.145631 -0.201738 -0.00993214 0.00815051 2.29238 3.10407 1.89243 0.480773 1.65202 -7.03645 -6.56474 2.75197 -0.358083 3.16476 -6.30612 -9.32958 12 0.166356 -3.33359 2.99804 4.53784 -12 -12 5.00132 0.603485 1.04929 -4.88172 -9.56531 12 -0.988282 -2.8508 3.01952 5.18944 -12 -12 3.23869 -0.606383 0 0 0 2.948 0.706455 0.00848614 0.613406 2.62125 0.756782 0.50156 -0.544095 -0.562281 0.736216 -1.37327 -1.38359 -0.745112 -0.630611 0.308604 0.304328 1.57648 1.27376 -0.645088 0.00988352 -0.00838796 0.783773 2.00516 0.944943 1.75907 2.38237 -3.81708 -3.43079 0.228621 -1.25079 0.543461 -0.54356 -0.562618 0.518485 -1.70673 -1.57578 -0.851562 -0.857165 1.04185 0.978013 1.33613 1.34949 0.540023 -0.543883 -0.562004 0.627372 -1.57618 -1.4972 -0.84651 -0.799784 0.74206 0.702076 1.46251 1.34004 0.525003 -0.544219 -0.561992 0.696102 -1.46273 -1.42923 -0.808245 -0.722282 0.490021 0.466855 1.54609 1.31685 -0.201738 -0.00993214 0.00815051 2.29238 3.10407 1.89243 0.480773 1.65202 -7.03645 -6.56474 2.75197 -0.358083 -0.494991 -0.00500372 -0.00402348 1.41122 2.70724 1.52178 1.25334 2.1154 -5.91591 -5.27822 1.50975 -0.827038 1.04929 -4.88172 -9.56531 12 -0.988282 -2.8508 3.01952 5.18944 -12 -12 3.23869 -0.606383 0.439134 -3.10427 -8.78997 10.7224 -0.668346 -2.26852 2.67545 4.87893 -12 -12 0.837239 -1.98675 0 0 0 2.94384 0.694387 0.00624032 -0.0364797 3.25379 0.805996 0.472897 -0.542026 -0.562558 0.756051 -1.30449 -1.35553 -0.669286 -0.533761 0.192212 0.198933 1.56297 1.22048 -0.729501 0.152964 -0.00442313 0.341424 1.58271 0.592225 1.98798 2.40858 -2.44064 -2.22212 -0.785488 -1.34463 0.540023 -0.543883 -0.562004 0.627372 -1.57618 -1.4972 -0.84651 -0.799784 0.74206 0.702076 1.46251 1.34004 0.525003 -0.544219 -0.561992 0.696102 -1.46273 -1.42923 -0.808245 -0.722282 0.490021 0.466855 1.54609 1.31685 0.50156 -0.544095 -0.562281 0.736216 -1.37327 -1.38359 -0.745112 -0.630611 0.308604 0.304328 1.57648 1.27376 -0.494991 -0.00500372 -0.00402348 1.41122 2.70724 1.52178 1.25334 2.1154 -5.91591 -5.27822 1.50975 -0.827038 -0.645088 0.00988352 -0.00838796 0.783773 2.00516 0.944943 1.75907 2.38237 -3.81708 -3.43079 0.228621 -1.25079 0.439134 -3.10427 -8.78997 10.7224 -0.668346 -2.26852 2.67545 4.87893 -12 -12 0.837239 -1.98675 0.452322 -1.48583 -7.74659 8.5561 -0.106704 -2.10077 2.40295 4.6282 -12 -12 -0.98309 -2.77921 0 0 0 2.93916 0.680295 0.00320953 0.0525144 3.63639 0.943369 0.445712 -0.524562 -0.562413 0.761462 -1.24714 -1.33682 -0.58642 -0.441967 0.117979 0.130971 1.5018 1.16891 -0.624585 0.607525 0.00936986 0.0242504 1.35908 0.386989 2.09601 2.19225 -1.55351 -1.42243 -1.9562 -1.22964 0.525003 -0.544219 -0.561992 0.696102 -1.46273 -1.42923 -0.808245 -0.722282 0.490021 0.466855 1.54609 1.31685 0.50156 -0.544095 -0.562281 0.736216 -1.37327 -1.38359 -0.745112 -0.630611 0.308604 0.304328 1.57648 1.27376 0.472897 -0.542026 -0.562558 0.756051 -1.30449 -1.35553 -0.669286 -0.533761 0.192212 0.198933 1.56297 1.22048 -0.645088 0.00988352 -0.00838796 0.783773 2.00516 0.944943 1.75907 2.38237 -3.81708 -3.43079 0.228621 -1.25079 -0.729501 0.152964 -0.00442313 0.341424 1.58271 0.592225 1.98798 2.40858 -2.44064 -2.22212 -0.785488 -1.34463 0.452322 -1.48583 -7.74659 8.5561 -0.106704 -2.10077 2.40295 4.6282 -12 -12 -0.98309 -2.77921 1.02055 0.0278673 -6.50711 4.80674 0.686143 -2.17316 1.9884 3.66003 -12 -12 -3.05764 -3.24891 0 0 0 2.93408 0.665785 0.000112057 -0.0941827 3.54232 1.00068 0.425057 -0.494478 -0.561687 0.755592 -1.19727 -1.32866 -0.50688 -0.362732 0.0711682 0.090784 1.40902 1.12497 -0.430092 0.7477 0.0229584 -0.269989 1.1647 0.0364442 1.87896 1.81691 -0.967637 -0.712708 -2.50176 -0.986801 0.50156 -0.544095 -0.562281 0.736216 -1.37327 -1.38359 -0.745112 -0.630611 0.308604 0.304328 1.57648 1.27376 0.472897 -0.542026 -0.562558 0.756051 -1.30449 -1.35553 -0.669286 -0.533761 0.192212 0.198933 1.56297 1.22048 0.445712 -0.524562 -0.562413 0.761462 -1.24714 -1.33682 -0.58642 -0.441967 0.117979 0.130971 1.5018 1.16891 -0.729501 0.152964 -0.00442313 0.341424 1.58271 0.592225 1.98798 2.40858 -2.44064 -2.22212 -0.785488 -1.34463 -0.624585 0.607525 0.00936986 0.0242504 1.35908 0.386989 2.09601 2.19225 -1.55351 -1.42243 -1.9562 -1.22964 1.02055 0.0278673 -6.50711 4.80674 0.686143 -2.17316 1.9884 3.66003 -12 -12 -3.05764 -3.24891 1.55395 0.601666 -5.49001 1.58432 1.07103 -3.12279 1.59073 2.52881 -12 -12 -4.24186 -3.54563 0 0 0 2.92915 0.652494 -0.00463673 -0.699461 3.14111 0.956886 0.413332 -0.469974 -0.560521 0.736144 -1.15633 -1.35107 -0.442074 -0.300404 0.0428711 0.113952 1.30469 1.08986 -0.197871 0.449542 0.0322066 -0.628759 0.916485 -1.12954 1.43766 1.39478 -0.566503 1.88428 -2.65746 -0.831754 0.472897 -0.542026 -0.562558 0.756051 -1.30449 -1.35553 -0.669286 -0.533761 0.192212 0.198933 1.56297 1.22048 0.445712 -0.524562 -0.562413 0.761462 -1.24714 -1.33682 -0.58642 -0.441967 0.117979 0.130971 1.5018 1.16891 0.425057 -0.494478 -0.561687 0.755592 -1.19727 -1.32866 -0.50688 -0.362732 0.0711682 0.090784 1.40902 1.12497 -0.624585 0.607525 0.00936986 0.0242504 1.35908 0.386989 2.09601 2.19225 -1.55351 -1.42243 -1.9562 -1.22964 -0.430092 0.7477 0.0229584 -0.269989 1.1647 0.0364442 1.87896 1.81691 -0.967637 -0.712708 -2.50176 -0.986801 1.55395 0.601666 -5.49001 1.58432 1.07103 -3.12279 1.59073 2.52881 -12 -12 -4.24186 -3.54563 2.16854 -0.177319 -4.51815 -1.16669 0.431349 -4.63879 0.300842 1.14927 -12 -7.97322 -5.18004 -3.76707 0 0 0 2.92506 0.641834 -0.0120171 -1.55616 2.38805 0.758712 0.413785 -0.469744 -0.559052 0.701975 -1.13146 -1.44546 -0.401204 -0.257172 0.0302512 0.302371 1.19855 1.05845 0.115407 -0.165592 0.0390137 -0.985815 0.466021 -2.51385 0.7841 0.907953 -0.190316 4.82801 -2.6285 -0.776199 0.445712 -0.524562 -0.562413 0.761462 -1.24714 -1.33682 -0.58642 -0.441967 0.117979 0.130971 1.5018 1.16891 0.425057 -0.494478 -0.561687 0.755592 -1.19727 -1.32866 -0.50688 -0.362732 0.0711682 0.090784 1.40902 1.12497 0.413332 -0.469974 -0.560521 0.736144 -1.15633 -1.35107 -0.442074 -0.300404 0.0428711 0.113952 1.30469 1.08986 -0.430092 0.7477 0.0229584 -0.269989 1.1647 0.0364442 1.87896 1.81691 -0.967637 -0.712708 -2.50176 -0.986801 -0.197871 0.449542 0.0322066 -0.628759 0.916485 -1.12954 1.43766 1.39478 -0.566503 1.88428 -2.65746 -0.831754 2.16854 -0.177319 -4.51815 -1.16669 0.431349 -4.63879 0.300842 1.14927 -12 -7.97322 -5.18004 -3.76707 2.56629 -1.14019 -3.85303 -2.14711 -0.827042 -6.37335 -0.961647 0.18533 -12 -3.58574 -5.89109 -4.1058 0 0 0 2.92214 0.633988 -0.0218647 -2.29386 1.65416 0.514641 0.424768 -0.486694 -0.557374 0.655138 -1.123 -1.55895 -0.384683 -0.231777 0.0304117 0.512698 1.09621 1.02672 0.390295 -0.631933 0.0433422 -1.26854 0.0205788 -3.24027 0.180802 0.459129 0.155616 6.07883 -2.51487 -0.814229 0.425057 -0.494478 -0.561687 0.755592 -1.19727 -1.32866 -0.50688 -0.362732 0.0711682 0.090784 1.40902 1.12497 0.413332 -0.469974 -0.560521 0.736144 -1.15633 -1.35107 -0.442074 -0.300404 0.0428711 0.113952 1.30469 1.08986 0.413785 -0.469744 -0.559052 0.701975 -1.13146 -1.44546 -0.401204 -0.257172 0.0302512 0.302371 1.19855 1.05845 -0.197871 0.449542 0.0322066 -0.628759 0.916485 -1.12954 1.43766 1.39478 -0.566503 1.88428 -2.65746 -0.831754 0.115407 -0.165592 0.0390137 -0.985815 0.466021 -2.51385 0.7841 0.907953 -0.190316 4.82801 -2.6285 -0.776199 2.56629 -1.14019 -3.85303 -2.14711 -0.827042 -6.37335 -0.961647 0.18533 -12 -3.58574 -5.89109 -4.1058 2.78241 -2.02155 -3.21918 -2.27431 -2.61137 -8.17059 -2.46651 -0.851527 -10.8125 1.01345 -6.42911 -4.37302 0 0 0 2.92059 0.629401 -0.0336387 -2.95969 0.786325 0.223824 0.449248 -0.522421 -0.555607 0.599032 -1.13993 -1.69865 -0.392279 -0.225833 0.0596591 0.766681 0.999329 0.993914 0.78793 -1.09632 0.0437457 -1.46871 -0.789711 -3.74349 -0.423288 -0.059968 1.29415 6.7866 -2.34272 -0.794807 0.413332 -0.469974 -0.560521 0.736144 -1.15633 -1.35107 -0.442074 -0.300404 0.0428711 0.113952 1.30469 1.08986 0.413785 -0.469744 -0.559052 0.701975 -1.13146 -1.44546 -0.401204 -0.257172 0.0302512 0.302371 1.19855 1.05845 0.424768 -0.486694 -0.557374 0.655138 -1.123 -1.55895 -0.384683 -0.231777 0.0304117 0.512698 1.09621 1.02672 0.115407 -0.165592 0.0390137 -0.985815 0.466021 -2.51385 0.7841 0.907953 -0.190316 4.82801 -2.6285 -0.776199 0.390295 -0.631933 0.0433422 -1.26854 0.0205788 -3.24027 0.180802 0.459129 0.155616 6.07883 -2.51487 -0.814229 2.78241 -2.02155 -3.21918 -2.27431 -2.61137 -8.17059 -2.46651 -0.851527 -10.8125 1.01345 -6.42911 -4.37302 3.09253 -2.8116 -3.07772 -2.16946 -4.28716 -9.22839 -3.43827 -2.01064 -7.81973 4.37304 -6.75866 -4.75332 0 0 0 2.92001 0.628167 -0.0461578 -3.00969 0.0505443 0.087366 0.491361 -0.562677 -0.553805 0.538213 -1.18468 -1.84702 -0.421502 -0.24115 0.120289 1.02907 0.907281 0.961539 1.25754 -0.840965 0.0455715 -1.5325 -1.49439 -3.67596 -0.899555 -0.576988 2.15041 6.50994 -2.28448 -0.841559 0.413785 -0.469744 -0.559052 0.701975 -1.13146 -1.44546 -0.401204 -0.257172 0.0302512 0.302371 1.19855 1.05845 0.424768 -0.486694 -0.557374 0.655138 -1.123 -1.55895 -0.384683 -0.231777 0.0304117 0.512698 1.09621 1.02672 0.449248 -0.522421 -0.555607 0.599032 -1.13993 -1.69865 -0.392279 -0.225833 0.0596591 0.766681 0.999329 0.993914 0.390295 -0.631933 0.0433422 -1.26854 0.0205788 -3.24027 0.180802 0.459129 0.155616 6.07883 -2.51487 -0.814229 0.78793 -1.09632 0.0437457 -1.46871 -0.789711 -3.74349 -0.423288 -0.059968 1.29415 6.7866 -2.34272 -0.794807 3.09253 -2.8116 -3.07772 -2.16946 -4.28716 -9.22839 -3.43827 -2.01064 -7.81973 4.37304 -6.75866 -4.75332 3.88303 -3.96824 -3.63619 -1.7333 -6.12037 -9.54742 -4.11308 -3.11142 -5.24564 6.93447 -6.79347 -4.84254 0 0 0 2.91944 0.629581 -0.0590288 -3.4921 -0.474558 0.12725 0.550304 -0.587596 -0.55212 0.475703 -1.2579 -1.98852 -0.466952 -0.276476 0.219624 1.28112 0.816171 0.921744 1.4241 -0.50691 0.0363993 -1.6192 -2.00227 -3.36124 -1.23498 -1.00891 2.75716 6.01553 -2.33546 -1.26169 0.424768 -0.486694 -0.557374 0.655138 -1.123 -1.55895 -0.384683 -0.231777 0.0304117 0.512698 1.09621 1.02672 0.449248 -0.522421 -0.555607 0.599032 -1.13993 -1.69865 -0.392279 -0.225833 0.0596591 0.766681 0.999329 0.993914 0.491361 -0.562677 -0.553805 0.538213 -1.18468 -1.84702 -0.421502 -0.24115 0.120289 1.02907 0.907281 0.961539 0.78793 -1.09632 0.0437457 -1.46871 -0.789711 -3.74349 -0.423288 -0.059968 1.29415 6.7866 -2.34272 -0.794807 1.25754 -0.840965 0.0455715 -1.5325 -1.49439 -3.67596 -0.899555 -0.576988 2.15041 6.50994 -2.28448 -0.841559 3.88303 -3.96824 -3.63619 -1.7333 -6.12037 -9.54742 -4.11308 -3.11142 -5.24564 6.93447 -6.79347 -4.84254 4.47148 -4.72887 -4.57584 -1.43387 -7.3778 -8.8931 -4.33216 -4.34483 -3.28658 8.24244 -6.86684 -5.27347 0 0 0 2.91868 0.631593 -0.0723816 -2.58346 -0.48263 0.109793 0.593569 -0.601613 -0.552188 0.411041 -1.34138 -2.1079 -0.51762 -0.323741 0.341952 1.49699 0.760669 0.850477 0.900236 -0.265307 -0.0317787 -1.5599 -2.15196 -2.71169 -1.20531 -1.25766 3.38143 4.91817 -0.568337 -2.1482 0.449248 -0.522421 -0.555607 0.599032 -1.13993 -1.69865 -0.392279 -0.225833 0.0596591 0.766681 0.999329 0.993914 0.491361 -0.562677 -0.553805 0.538213 -1.18468 -1.84702 -0.421502 -0.24115 0.120289 1.02907 0.907281 0.961539 0.550304 -0.587596 -0.55212 0.475703 -1.2579 -1.98852 -0.466952 -0.276476 0.219624 1.28112 0.816171 0.921744 1.25754 -0.840965 0.0455715 -1.5325 -1.49439 -3.67596 -0.899555 -0.576988 2.15041 6.50994 -2.28448 -0.841559 1.4241 -0.50691 0.0363993 -1.6192 -2.00227 -3.36124 -1.23498 -1.00891 2.75716 6.01553 -2.33546 -1.26169 4.47148 -4.72887 -4.57584 -1.43387 -7.3778 -8.8931 -4.33216 -4.34483 -3.28658 8.24244 -6.86684 -5.27347 4.49853 -4.71581 -5.80032 -1.89185 -7.55072 -7.24081 -3.91151 -5.97337 -1.86634 7.91043 -7.23697 -6.66477 0 0 0 2.91699 0.63284 -0.079551 -0.964494 -0.182131 0.527709 0.619857 -0.606275 -0.554574 0.350149 -1.42731 -2.19369 -0.559184 -0.383281 0.487954 1.65776 0.767643 0.755463 0.526696 0.00139568 -0.0719283 -1.521 -2.18421 -1.65362 -0.924073 -1.62299 4.02582 3.17795 0.491004 -2.48771 0.491361 -0.562677 -0.553805 0.538213 -1.18468 -1.84702 -0.421502 -0.24115 0.120289 1.02907 0.907281 0.961539 0.550304 -0.587596 -0.55212 0.475703 -1.2579 -1.98852 -0.466952 -0.276476 0.219624 1.28112 0.816171 0.921744 0.593569 -0.601613 -0.552188 0.411041 -1.34138 -2.1079 -0.51762 -0.323741 0.341952 1.49699 0.760669 0.850477 1.4241 -0.50691 0.0363993 -1.6192 -2.00227 -3.36124 -1.23498 -1.00891 2.75716 6.01553 -2.33546 -1.26169 0.900236 -0.265307 -0.0317787 -1.5599 -2.15196 -2.71169 -1.20531 -1.25766 3.38143 4.91817 -0.568337 -2.1482 4.49853 -4.71581 -5.80032 -1.89185 -7.55072 -7.24081 -3.91151 -5.97337 -1.86634 7.91043 -7.23697 -6.66477 4.69106 -4.65409 -6.68896 -1.85405 -6.94612 -5.34147 -3.18728 -6.29964 -0.158166 6.88063 -7.22179 -7.75363 0 0 0 2.91245 0.633344 -0.0822713 0.519693 -0.278868 1.10503 0.633953 -0.601496 -0.557596 0.303781 -1.50772 -2.2289 -0.591211 -0.456804 0.651058 1.73318 0.800593 0.711914 0.258436 0.165542 -0.0737355 -0.817121 -1.86758 -0.352044 -0.760708 -1.88866 4.14371 0.825415 1.00872 0.0870912 0.550304 -0.587596 -0.55212 0.475703 -1.2579 -1.98852 -0.466952 -0.276476 0.219624 1.28112 0.816171 0.921744 0.593569 -0.601613 -0.552188 0.411041 -1.34138 -2.1079 -0.51762 -0.323741 0.341952 1.49699 0.760669 0.850477 0.619857 -0.606275 -0.554574 0.350149 -1.42731 -2.19369 -0.559184 -0.383281 0.487954 1.65776 0.767643 0.755463 0.900236 -0.265307 -0.0317787 -1.5599 -2.15196 -2.71169 -1.20531 -1.25766 3.38143 4.91817 -0.568337 -2.1482 0.526696 0.00139568 -0.0719283 -1.521 -2.18421 -1.65362 -0.924073 -1.62299 4.02582 3.17795 0.491004 -2.48771 4.69106 -4.65409 -6.68896 -1.85405 -6.94612 -5.34147 -3.18728 -6.29964 -0.158166 6.88063 -7.22179 -7.75363 4.47155 -4.34927 -7.35321 -1.94306 -4.82148 -2.33059 -1.21131 -5.98032 2.20495 3.83924 -5.71488 -7.95114 0 0 0 2.90578 0.634089 -0.0822861 1.16893 -0.402209 1.44974 0.639116 -0.59451 -0.560097 0.286643 -1.56211 -2.20814 -0.623048 -0.525639 0.792623 1.6992 0.860892 0.749692 0.0583376 0.173167 -0.0502469 -0.243044 -0.890113 1.12823 -0.917578 -1.67282 2.71003 -2.26701 2.07949 1.38867 0.593569 -0.601613 -0.552188 0.411041 -1.34138 -2.1079 -0.51762 -0.323741 0.341952 1.49699 0.760669 0.850477 0.619857 -0.606275 -0.554574 0.350149 -1.42731 -2.19369 -0.559184 -0.383281 0.487954 1.65776 0.767643 0.755463 0.633953 -0.601496 -0.557596 0.303781 -1.50772 -2.2289 -0.591211 -0.456804 0.651058 1.73318 0.800593 0.711914 0.526696 0.00139568 -0.0719283 -1.521 -2.18421 -1.65362 -0.924073 -1.62299 4.02582 3.17795 0.491004 -2.48771 0.258436 0.165542 -0.0737355 -0.817121 -1.86758 -0.352044 -0.760708 -1.88866 4.14371 0.825415 1.00872 0.0870912 4.47155 -4.34927 -7.35321 -1.94306 -4.82148 -2.33059 -1.21131 -5.98032 2.20495 3.83924 -5.71488 -7.95114 4.04597 -4.65559 -7.33209 -0.337302 -1.30204 0.246258 0.127034 -4.02365 3.92824 -0.369418 -2.57108 -5.74862 0 0 0 2.89802 0.635662 -0.0807241 1.95385 -0.759333 1.50038 0.63748 -0.587905 -0.56129 0.287043 -1.56402 -2.12932 -0.666592 -0.588771 0.840268 1.52598 0.981229 0.822301 -0.0985037 0.158013 -0.0161409 0.201553 0.658447 2.47594 -1.33533 -1.53802 -0.39501 -5.85613 4.02941 2.04189 0.619857 -0.606275 -0.554574 0.350149 -1.42731 -2.19369 -0.559184 -0.383281 0.487954 1.65776 0.767643 0.755463 0.633953 -0.601496 -0.557596 0.303781 -1.50772 -2.2289 -0.591211 -0.456804 0.651058 1.73318 0.800593 0.711914 0.639116 -0.59451 -0.560097 0.286643 -1.56211 -2.20814 -0.623048 -0.525639 0.792623 1.6992 0.860892 0.749692 0.258436 0.165542 -0.0737355 -0.817121 -1.86758 -0.352044 -0.760708 -1.88866 4.14371 0.825415 1.00872 0.0870912 0.0583376 0.173167 -0.0502469 -0.243044 -0.890113 1.12823 -0.917578 -1.67282 2.71003 -2.26701 2.07949 1.38867 4.04597 -4.65559 -7.33209 -0.337302 -1.30204 0.246258 0.127034 -4.02365 3.92824 -0.369418 -2.57108 -5.74862 4.42068 -6.01201 -7.69824 3.09482 1.96093 1.25696 1.11827 -1.25147 1.66053 -6.31545 1.54265 -2.44028 0 0 0 2.89127 0.639853 -0.0727993 3.63693 -1.22692 1.18164 0.627557 -0.582329 -0.561205 0.312992 -1.47948 -2.01857 -0.727372 -0.639257 0.66373 1.23626 1.20152 0.908023 -0.261286 0.129032 0.00969406 0.917859 2.64913 2.86931 -1.41241 -1.05673 -5.88006 -7.74644 5.83891 2.1373 0.633953 -0.601496 -0.557596 0.303781 -1.50772 -2.2289 -0.591211 -0.456804 0.651058 1.73318 0.800593 0.711914 0.639116 -0.59451 -0.560097 0.286643 -1.56211 -2.20814 -0.623048 -0.525639 0.792623 1.6992 0.860892 0.749692 0.63748 -0.587905 -0.56129 0.287043 -1.56402 -2.12932 -0.666592 -0.588771 0.840268 1.52598 0.981229 0.822301 0.0583376 0.173167 -0.0502469 -0.243044 -0.890113 1.12823 -0.917578 -1.67282 2.71003 -2.26701 2.07949 1.38867 -0.0985037 0.158013 -0.0161409 0.201553 0.658447 2.47594 -1.33533 -1.53802 -0.39501 -5.85613 4.02941 2.04189 4.42068 -6.01201 -7.69824 3.09482 1.96093 1.25696 1.11827 -1.25147 1.66053 -6.31545 1.54265 -2.44028 4.88767 -7.40926 -7.97031 7.61487 2.84268 0.520891 1.36062 1.22203 -3.79343 -12 5.92402 0.381125 0 0 0 2.8857 0.643346 -0.0579479 5.03619 -0.652067 0.961994 0.617455 -0.577775 -0.560627 0.366976 -1.37047 -1.90621 -0.764107 -0.662292 0.426166 0.92616 1.42753 0.984423 -0.247273 0.10577 0.0153088 1.60148 2.54267 2.69683 -0.538039 -0.207087 -5.35964 -7.53977 5.33071 1.66366 0.639116 -0.59451 -0.560097 0.286643 -1.56211 -2.20814 -0.623048 -0.525639 0.792623 1.6992 0.860892 0.749692 0.63748 -0.587905 -0.56129 0.287043 -1.56402 -2.12932 -0.666592 -0.588771 0.840268 1.52598 0.981229 0.822301 0.627557 -0.582329 -0.561205 0.312992 -1.47948 -2.01857 -0.727372 -0.639257 0.66373 1.23626 1.20152 0.908023 -0.0985037 0.158013 -0.0161409 0.201553 0.658447 2.47594 -1.33533 -1.53802 -0.39501 -5.85613 4.02941 2.04189 -0.261286 0.129032 0.00969406 0.917859 2.64913 2.86931 -1.41241 -1.05673 -5.88006 -7.74644 5.83891 2.1373 4.88767 -7.40926 -7.97031 7.61487 2.84268 0.520891 1.36062 1.22203 -3.79343 -12 5.92402 0.381125 3.96979 -8.31139 -9.15158 12 1.59438 -2.0923 2.57306 3.63339 -12 -12 8.93071 1.83259 0 0 0 2.88178 0.644127 -0.0365865 6.51525 0.0172322 0.661477 0.607676 -0.573936 -0.560034 0.448694 -1.28578 -1.80966 -0.760617 -0.646964 0.262713 0.649017 1.61513 1.03216 -0.251325 0.0924941 0.0134722 2.30721 1.88248 2.2426 0.495926 0.754467 -3.41601 -6.5496 4.09643 0.857068 0.63748 -0.587905 -0.56129 0.287043 -1.56402 -2.12932 -0.666592 -0.588771 0.840268 1.52598 0.981229 0.822301 0.627557 -0.582329 -0.561205 0.312992 -1.47948 -2.01857 -0.727372 -0.639257 0.66373 1.23626 1.20152 0.908023 0.617455 -0.577775 -0.560627 0.366976 -1.37047 -1.90621 -0.764107 -0.662292 0.426166 0.92616 1.42753 0.984423 -0.261286 0.129032 0.00969406 0.917859 2.64913 2.86931 -1.41241 -1.05673 -5.88006 -7.74644 5.83891 2.1373 -0.247273 0.10577 0.0153088 1.60148 2.54267 2.69683 -0.538039 -0.207087 -5.35964 -7.53977 5.33071 1.66366 3.96979 -8.31139 -9.15158 12 1.59438 -2.0923 2.57306 3.63339 -12 -12 8.93071 1.83259 1.93854 -7.57671 -9.70741 12 -0.32804 -2.91563 3.31088 4.9967 -12 -12 7.78994 1.00388 0 0 0 2.87877 0.641742 -0.00330663 6.2562 1.13076 0.463888 0.587197 -0.569632 -0.559624 0.577741 -1.2082 -1.71532 -0.705971 -0.580766 0.141007 0.368273 1.77617 1.04028 -0.721813 0.0814758 -0.0013744 2.31604 1.41226 1.64913 1.48342 1.65753 -1.8902 -4.68873 2.48993 -0.340074 0.627557 -0.582329 -0.561205 0.312992 -1.47948 -2.01857 -0.727372 -0.639257 0.66373 1.23626 1.20152 0.908023 0.617455 -0.577775 -0.560627 0.366976 -1.37047 -1.90621 -0.764107 -0.662292 0.426166 0.92616 1.42753 0.984423 0.607676 -0.573936 -0.560034 0.448694 -1.28578 -1.80966 -0.760617 -0.646964 0.262713 0.649017 1.61513 1.03216 -0.247273 0.10577 0.0153088 1.60148 2.54267 2.69683 -0.538039 -0.207087 -5.35964 -7.53977 5.33071 1.66366 -0.251325 0.0924941 0.0134722 2.30721 1.88248 2.2426 0.495926 0.754467 -3.41601 -6.5496 4.09643 0.857068 1.93854 -7.57671 -9.70741 12 -0.32804 -2.91563 3.31088 4.9967 -12 -12 7.78994 1.00388 -0.157079 -6.05423 -10.1575 12 -1.59269 -2.63714 3.30158 5.22853 -12 -12 5.40623 -0.408359 0 0 0 2.87626 0.634115 0.0143796 4.00567 2.33524 0.510444 0.542817 -0.566546 -0.560053 0.64836 -1.15637 -1.65866 -0.634994 -0.507265 0.0850465 0.224447 1.84831 1.01826 -1.31655 0.0764572 -0.0154283 1.46874 1.24551 1.30969 1.92837 1.94402 -1.14724 -3.02927 1.30716 -0.746712 0.617455 -0.577775 -0.560627 0.366976 -1.37047 -1.90621 -0.764107 -0.662292 0.426166 0.92616 1.42753 0.984423 0.607676 -0.573936 -0.560034 0.448694 -1.28578 -1.80966 -0.760617 -0.646964 0.262713 0.649017 1.61513 1.03216 0.587197 -0.569632 -0.559624 0.577741 -1.2082 -1.71532 -0.705971 -0.580766 0.141007 0.368273 1.77617 1.04028 -0.251325 0.0924941 0.0134722 2.30721 1.88248 2.2426 0.495926 0.754467 -3.41601 -6.5496 4.09643 0.857068 -0.721813 0.0814758 -0.0013744 2.31604 1.41226 1.64913 1.48342 1.65753 -1.8902 -4.68873 2.48993 -0.340074 -0.157079 -6.05423 -10.1575 12 -1.59269 -2.63714 3.30158 5.22853 -12 -12 5.40623 -0.408359 -1.08262 -4.98456 -9.51376 11.8295 -1.15624 -1.30096 2.87513 4.65028 -12 -12 2.74713 -2.31065 0 0 0 2.87317 0.622774 0.024395 2.44666 3.10866 0.626446 0.480386 -0.563361 -0.560819 0.691199 -1.10849 -1.61043 -0.552595 -0.426537 0.0515521 0.131653 1.86862 0.979523 -1.66269 0.0854896 -0.0199737 0.856783 1.17874 1.15763 2.13144 2.02646 -0.679992 -1.95119 -0.0326985 -1.06844 0.607676 -0.573936 -0.560034 0.448694 -1.28578 -1.80966 -0.760617 -0.646964 0.262713 0.649017 1.61513 1.03216 0.587197 -0.569632 -0.559624 0.577741 -1.2082 -1.71532 -0.705971 -0.580766 0.141007 0.368273 1.77617 1.04028 0.542817 -0.566546 -0.560053 0.64836 -1.15637 -1.65866 -0.634994 -0.507265 0.0850465 0.224447 1.84831 1.01826 -0.721813 0.0814758 -0.0013744 2.31604 1.41226 1.64913 1.48342 1.65753 -1.8902 -4.68873 2.48993 -0.340074 -1.31655 0.0764572 -0.0154283 1.46874 1.24551 1.30969 1.92837 1.94402 -1.14724 -3.02927 1.30716 -0.746712 -1.08262 -4.98456 -9.51376 11.8295 -1.15624 -1.30096 2.87513 4.65028 -12 -12 2.74713 -2.31065 -1.43784 -3.47113 -8.47315 8.9237 -0.519091 -0.666492 2.44557 4.15486 -12 -12 0.617319 -3.50949 0 0 0 2.86898 0.609306 0.0294185 1.67506 3.52894 0.89327 0.41159 -0.558312 -0.561505 0.714011 -1.06179 -1.56598 -0.46565 -0.349198 0.0319904 0.0722264 1.8346 0.93526 -1.70691 0.227716 -0.0137303 0.415688 1.1677 1.09513 2.20436 1.81317 -0.392965 -1.23965 -1.38525 -1.06038 0.587197 -0.569632 -0.559624 0.577741 -1.2082 -1.71532 -0.705971 -0.580766 0.141007 0.368273 1.77617 1.04028 0.542817 -0.566546 -0.560053 0.64836 -1.15637 -1.65866 -0.634994 -0.507265 0.0850465 0.224447 1.84831 1.01826 0.480386 -0.563361 -0.560819 0.691199 -1.10849 -1.61043 -0.552595 -0.426537 0.0515521 0.131653 1.86862 0.979523 -1.31655 0.0764572 -0.0154283 1.46874 1.24551 1.30969 1.92837 1.94402 -1.14724 -3.02927 1.30716 -0.746712 -1.66269 0.0854896 -0.0199737 0.856783 1.17874 1.15763 2.13144 2.02646 -0.679992 -1.95119 -0.0326985 -1.06844 -1.43784 -3.47113 -8.47315 8.9237 -0.519091 -0.666492 2.44557 4.15486 -12 -12 0.617319 -3.50949 -0.923504 -2.03638 -7.38481 5.901 0.326548 -0.617888 2.49668 3.17042 -12 -12 -1.41148 -4.24094 0 0 0 2.86273 0.594961 0.0323866 1.57362 3.63269 1.33286 0.348417 -0.540036 -0.56168 0.722081 -1.01524 -1.5248 -0.376085 -0.288923 0.020979 0.0357985 1.74303 0.892968 -1.49469 0.559563 0.00142993 0.0800005 1.15332 0.971282 2.234 1.31598 -0.213415 -0.735567 -2.73838 -1.08548 0.542817 -0.566546 -0.560053 0.64836 -1.15637 -1.65866 -0.634994 -0.507265 0.0850465 0.224447 1.84831 1.01826 0.480386 -0.563361 -0.560819 0.691199 -1.10849 -1.61043 -0.552595 -0.426537 0.0515521 0.131653 1.86862 0.979523 0.41159 -0.558312 -0.561505 0.714011 -1.06179 -1.56598 -0.46565 -0.349198 0.0319904 0.0722264 1.8346 0.93526 -1.66269 0.0854896 -0.0199737 0.856783 1.17874 1.15763 2.13144 2.02646 -0.679992 -1.95119 -0.0326985 -1.06844 -1.70691 0.227716 -0.0137303 0.415688 1.1677 1.09513 2.20436 1.81317 -0.392965 -1.23965 -1.38525 -1.06038 -0.923504 -2.03638 -7.38481 5.901 0.326548 -0.617888 2.49668 3.17042 -12 -12 -1.41148 -4.24094 -0.0343984 -0.680995 -6.14914 1.4926 1.11839 -1.62188 2.65925 0.638671 -12 -12 -3.28752 -4.95953 0 0 0 2.85488 0.580911 0.0330429 0.987641 3.50621 1.62317 0.293512 -0.515549 -0.561305 0.716207 -0.97054 -1.4913 -0.290307 -0.248474 0.0156395 0.0172446 1.61773 0.847731 -1.29821 0.60082 0.013469 -0.307454 1.0834 0.718399 2.09301 0.826097 -0.089479 -0.263712 -3.3791 -1.18929 0.480386 -0.563361 -0.560819 0.691199 -1.10849 -1.61043 -0.552595 -0.426537 0.0515521 0.131653 1.86862 0.979523 0.41159 -0.558312 -0.561505 0.714011 -1.06179 -1.56598 -0.46565 -0.349198 0.0319904 0.0722264 1.8346 0.93526 0.348417 -0.540036 -0.56168 0.722081 -1.01524 -1.5248 -0.376085 -0.288923 0.020979 0.0357985 1.74303 0.892968 -1.70691 0.227716 -0.0137303 0.415688 1.1677 1.09513 2.20436 1.81317 -0.392965 -1.23965 -1.38525 -1.06038 -1.49469 0.559563 0.00142993 0.0800005 1.15332 0.971282 2.234 1.31598 -0.213415 -0.735567 -2.73838 -1.08548 -0.0343984 -0.680995 -6.14914 1.4926 1.11839 -1.62188 2.65925 0.638671 -12 -12 -3.28752 -4.95953 0.266304 -0.343826 -5.3557 -1.11863 0.934502 -2.89273 2.75689 -1.00917 -12 -12 -4.36503 -5.78113 0 0 0 2.84602 0.567874 0.0300579 0.104737 3.14481 1.81807 0.246753 -0.496839 -0.560549 0.692648 -0.931222 -1.48464 -0.212531 -0.229132 0.0147877 0.0554544 1.4756 0.801209 -1.07525 0.309434 0.0214149 -0.7695 0.884869 -0.396549 1.83102 0.24406 0.0282788 2.26289 -3.6276 -1.07211 0.41159 -0.558312 -0.561505 0.714011 -1.06179 -1.56598 -0.46565 -0.349198 0.0319904 0.0722264 1.8346 0.93526 0.348417 -0.540036 -0.56168 0.722081 -1.01524 -1.5248 -0.376085 -0.288923 0.020979 0.0357985 1.74303 0.892968 0.293512 -0.515549 -0.561305 0.716207 -0.97054 -1.4913 -0.290307 -0.248474 0.0156395 0.0172446 1.61773 0.847731 -1.49469 0.559563 0.00142993 0.0800005 1.15332 0.971282 2.234 1.31598 -0.213415 -0.735567 -2.73838 -1.08548 -1.29821 0.60082 0.013469 -0.307454 1.0834 0.718399 2.09301 0.826097 -0.089479 -0.263712 -3.3791 -1.18929 0.266304 -0.343826 -5.3557 -1.11863 0.934502 -2.89273 2.75689 -1.00917 -12 -12 -4.36503 -5.78113 0.534546 -0.313958 -4.73836 -2.74404 0.398018 -4.10112 2.65237 -2.10165 -12 -8.79608 -5.40396 -6.41947 0 0 0 2.83445 0.55423 0.0211213 -0.937687 2.5341 1.90529 0.201266 -0.489623 -0.559254 0.637752 -0.897604 -1.52384 -0.13431 -0.235697 0.0211055 0.199738 1.29615 0.746047 -0.803828 0.0399795 0.0290419 -1.30073 0.509317 -1.24937 1.37377 -0.341759 0.225575 3.88221 -3.56886 -1.21181 0.348417 -0.540036 -0.56168 0.722081 -1.01524 -1.5248 -0.376085 -0.288923 0.020979 0.0357985 1.74303 0.892968 0.293512 -0.515549 -0.561305 0.716207 -0.97054 -1.4913 -0.290307 -0.248474 0.0156395 0.0172446 1.61773 0.847731 0.246753 -0.496839 -0.560549 0.692648 -0.931222 -1.48464 -0.212531 -0.229132 0.0147877 0.0554544 1.4756 0.801209 -1.29821 0.60082 0.013469 -0.307454 1.0834 0.718399 2.09301 0.826097 -0.089479 -0.263712 -3.3791 -1.18929 -1.07525 0.309434 0.0214149 -0.7695 0.884869 -0.396549 1.83102 0.24406 0.0282788 2.26289 -3.6276 -1.07211 0.534546 -0.313958 -4.73836 -2.74404 0.398018 -4.10112 2.65237 -2.10165 -12 -8.79608 -5.40396 -6.41947 1.0181 -0.959967 -4.46417 -3.76669 -1.23192 -5.96437 1.85601 -3.16798 -11.5601 -3.33334 -6.0391 -6.35659 0 0 0 2.82299 0.543581 0.00813775 -1.67107 1.92132 1.93686 0.167535 -0.487999 -0.557606 0.5592 -0.884001 -1.59382 -0.0802501 -0.266772 0.0393613 0.396604 1.12292 0.676179 -0.603025 0.0593854 0.0352372 -1.74113 0.111467 -1.55442 0.897275 -0.77973 0.472101 4.16344 -3.42774 -1.60847 0.293512 -0.515549 -0.561305 0.716207 -0.97054 -1.4913 -0.290307 -0.248474 0.0156395 0.0172446 1.61773 0.847731 0.246753 -0.496839 -0.560549 0.692648 -0.931222 -1.48464 -0.212531 -0.229132 0.0147877 0.0554544 1.4756 0.801209 0.201266 -0.489623 -0.559254 0.637752 -0.897604 -1.52384 -0.13431 -0.235697 0.0211055 0.199738 1.29615 0.746047 -1.07525 0.309434 0.0214149 -0.7695 0.884869 -0.396549 1.83102 0.24406 0.0282788 2.26289 -3.6276 -1.07211 -0.803828 0.0399795 0.0290419 -1.30073 0.509317 -1.24937 1.37377 -0.341759 0.225575 3.88221 -3.56886 -1.21181 1.0181 -0.959967 -4.46417 -3.76669 -1.23192 -5.96437 1.85601 -3.16798 -11.5601 -3.33334 -6.0391 -6.35659 0.899865 -0.850898 -3.96598 -4.14529 -2.02525 -7.19873 0.87451 -3.51685 -9.27656 -0.566047 -6.7247 -6.72882 0 0 0 2.81344 0.537967 -0.00752036 -3.0516 1.13084 2.04683 0.143267 -0.487349 -0.556431 0.506712 -0.890253 -1.65819 -0.0543168 -0.304266 0.0694762 0.560647 0.992502 0.663444 -0.570408 0.0334278 0.0285248 -1.07312 -0.348778 -1.66595 0.496497 -0.967838 1.01755 4.17001 -3.17116 0.215048 0.246753 -0.496839 -0.560549 0.692648 -0.931222 -1.48464 -0.212531 -0.229132 0.0147877 0.0554544 1.4756 0.801209 0.201266 -0.489623 -0.559254 0.637752 -0.897604 -1.52384 -0.13431 -0.235697 0.0211055 0.199738 1.29615 0.746047 0.167535 -0.487999 -0.557606 0.5592 -0.884001 -1.59382 -0.0802501 -0.266772 0.0393613 0.396604 1.12292 0.676179 -0.803828 0.0399795 0.0290419 -1.30073 0.509317 -1.24937 1.37377 -0.341759 0.225575 3.88221 -3.56886 -1.21181 -0.603025 0.0593854 0.0352372 -1.74113 0.111467 -1.55442 0.897275 -0.77973 0.472101 4.16344 -3.42774 -1.60847 0.899865 -0.850898 -3.96598 -4.14529 -2.02525 -7.19873 0.87451 -3.51685 -9.27656 -0.566047 -6.7247 -6.72882 0.513088 -0.470793 -3.73304 -4.51996 -2.46684 -7.54419 0.352273 -4.22207 -7.42999 0.650972 -7.27356 -7.46586 0 0 0 2.80344 0.535273 -0.0298026 -3.74614 0.111852 1.43406 0.118568 -0.485748 -0.554905 0.469507 -0.928082 -1.74584 -0.0475505 -0.353638 0.141648 0.77195 0.843565 0.705278 -0.460968 -0.0132629 0.0311265 -0.584908 -1.07676 -1.83908 -0.120416 -0.977213 1.84957 4.35207 -2.86351 1.11273 0.201266 -0.489623 -0.559254 0.637752 -0.897604 -1.52384 -0.13431 -0.235697 0.0211055 0.199738 1.29615 0.746047 0.167535 -0.487999 -0.557606 0.5592 -0.884001 -1.59382 -0.0802501 -0.266772 0.0393613 0.396604 1.12292 0.676179 0.143267 -0.487349 -0.556431 0.506712 -0.890253 -1.65819 -0.0543168 -0.304266 0.0694762 0.560647 0.992502 0.663444 -0.603025 0.0593854 0.0352372 -1.74113 0.111467 -1.55442 0.897275 -0.77973 0.472101 4.16344 -3.42774 -1.60847 -0.570408 0.0334278 0.0285248 -1.07312 -0.348778 -1.66595 0.496497 -0.967838 1.01755 4.17001 -3.17116 0.215048 0.513088 -0.470793 -3.73304 -4.51996 -2.46684 -7.54419 0.352273 -4.22207 -7.42999 0.650972 -7.27356 -7.46586 0.610583 -0.615976 -3.91251 -4.40752 -3.04386 -7.11097 -0.0073439 -4.9491 -5.12424 1.63132 -7.39162 -7.82451 0 0 0 2.79798 0.535415 -0.050216 -4.78088 -0.196645 1.04581 0.100026 -0.489694 -0.553761 0.449228 -0.985293 -1.82088 -0.0639008 -0.390441 0.236384 0.951782 0.73819 0.755176 -0.469051 -0.130206 0.0273473 -0.475934 -1.53174 -1.8357 -0.558225 -0.88855 2.48372 4.42013 -2.54017 1.29676 0.167535 -0.487999 -0.557606 0.5592 -0.884001 -1.59382 -0.0802501 -0.266772 0.0393613 0.396604 1.12292 0.676179 0.143267 -0.487349 -0.556431 0.506712 -0.890253 -1.65819 -0.0543168 -0.304266 0.0694762 0.560647 0.992502 0.663444 0.118568 -0.485748 -0.554905 0.469507 -0.928082 -1.74584 -0.0475505 -0.353638 0.141648 0.77195 0.843565 0.705278 -0.570408 0.0334278 0.0285248 -1.07312 -0.348778 -1.66595 0.496497 -0.967838 1.01755 4.17001 -3.17116 0.215048 -0.460968 -0.0132629 0.0311265 -0.584908 -1.07676 -1.83908 -0.120416 -0.977213 1.84957 4.35207 -2.86351 1.11273 0.610583 -0.615976 -3.91251 -4.40752 -3.04386 -7.11097 -0.0073439 -4.9491 -5.12424 1.63132 -7.39162 -7.82451 1.16886 -1.07363 -3.95179 -4.11873 -3.68067 -7.20685 -1.07989 -5.08356 -3.90044 2.92501 -7.76006 -7.90112 0 0 0 2.79383 0.536779 -0.0737058 -5.64986 -0.521851 0.752757 0.0814806 -0.496441 -0.552726 0.430944 -1.04941 -1.8897 -0.0953222 -0.423838 0.335174 1.11901 0.641409 0.806942 -0.446242 -0.198618 0.0252077 -0.45009 -1.66474 -1.64915 -0.932194 -0.801634 2.47419 4.03685 -2.3423 1.2724 0.143267 -0.487349 -0.556431 0.506712 -0.890253 -1.65819 -0.0543168 -0.304266 0.0694762 0.560647 0.992502 0.663444 0.118568 -0.485748 -0.554905 0.469507 -0.928082 -1.74584 -0.0475505 -0.353638 0.141648 0.77195 0.843565 0.705278 0.100026 -0.489694 -0.553761 0.449228 -0.985293 -1.82088 -0.0639008 -0.390441 0.236384 0.951782 0.73819 0.755176 -0.460968 -0.0132629 0.0311265 -0.584908 -1.07676 -1.83908 -0.120416 -0.977213 1.84957 4.35207 -2.86351 1.11273 -0.469051 -0.130206 0.0273473 -0.475934 -1.53174 -1.8357 -0.558225 -0.88855 2.48372 4.42013 -2.54017 1.29676 1.16886 -1.07363 -3.95179 -4.11873 -3.68067 -7.20685 -1.07989 -5.08356 -3.90044 2.92501 -7.76006 -7.90112 1.88465 -1.67845 -4.29216 -3.73457 -4.34621 -6.63649 -1.2735 -5.42992 -2.62573 3.91464 -7.55018 -7.90627 0 0 0 2.79084 0.539708 -0.0938258 -3.51345 -0.892636 0.540369 0.072572 -0.497092 -0.55254 0.419318 -1.11871 -1.94793 -0.14007 -0.455515 0.433647 1.2635 0.593076 0.857848 -0.018993 0.182397 -0.0131954 -0.146726 -1.78431 -1.26084 -1.16883 -0.800198 2.55144 3.19169 -0.278793 1.28875 0.118568 -0.485748 -0.554905 0.469507 -0.928082 -1.74584 -0.0475505 -0.353638 0.141648 0.77195 0.843565 0.705278 0.100026 -0.489694 -0.553761 0.449228 -0.985293 -1.82088 -0.0639008 -0.390441 0.236384 0.951782 0.73819 0.755176 0.0814806 -0.496441 -0.552726 0.430944 -1.04941 -1.8897 -0.0953222 -0.423838 0.335174 1.11901 0.641409 0.806942 -0.469051 -0.130206 0.0273473 -0.475934 -1.53174 -1.8357 -0.558225 -0.88855 2.48372 4.42013 -2.54017 1.29676 -0.446242 -0.198618 0.0252077 -0.45009 -1.66474 -1.64915 -0.932194 -0.801634 2.47419 4.03685 -2.3423 1.2724 1.88465 -1.67845 -4.29216 -3.73457 -4.34621 -6.63649 -1.2735 -5.42992 -2.62573 3.91464 -7.55018 -7.90627 2.5515 -2.03687 -4.3965 -3.23456 -4.42253 -6.3058 -2.09145 -5.42747 -2.08317 4.03623 -7.725 -7.84379 0 0 0 2.78703 0.542554 -0.10415 -1.38733 -0.638595 0.944693 0.0840041 -0.480003 -0.553717 0.419452 -1.18648 -1.98142 -0.183583 -0.486706 0.528919 1.35634 0.614744 0.907388 0.445013 0.590969 -0.0371272 0.0680782 -1.59459 -0.438148 -1.00776 -0.757142 2.27626 1.44649 0.885713 1.18528 0.100026 -0.489694 -0.553761 0.449228 -0.985293 -1.82088 -0.0639008 -0.390441 0.236384 0.951782 0.73819 0.755176 0.0814806 -0.496441 -0.552726 0.430944 -1.04941 -1.8897 -0.0953222 -0.423838 0.335174 1.11901 0.641409 0.806942 0.072572 -0.497092 -0.55254 0.419318 -1.11871 -1.94793 -0.14007 -0.455515 0.433647 1.2635 0.593076 0.857848 -0.446242 -0.198618 0.0252077 -0.45009 -1.66474 -1.64915 -0.932194 -0.801634 2.47419 4.03685 -2.3423 1.2724 -0.018993 0.182397 -0.0131954 -0.146726 -1.78431 -1.26084 -1.16883 -0.800198 2.55144 3.19169 -0.278793 1.28875 2.5515 -2.03687 -4.3965 -3.23456 -4.42253 -6.3058 -2.09145 -5.42747 -2.08317 4.03623 -7.725 -7.84379 2.82296 -2.04644 -4.80096 -2.93855 -3.83232 -4.89592 -1.21429 -5.71127 -1.07405 3.01151 -7.05603 -8.13377 0 0 0 2.78104 0.543246 -0.109622 -0.210041 -0.141046 1.41033 0.107372 -0.451661 -0.555426 0.424522 -1.23889 -1.97836 -0.21763 -0.514332 0.606288 1.36927 0.660931 0.949479 0.626117 0.7337 -0.0435827 0.153908 -1.05851 0.414505 -0.773621 -0.64881 1.57398 -0.527663 1.27511 0.966714 0.0814806 -0.496441 -0.552726 0.430944 -1.04941 -1.8897 -0.0953222 -0.423838 0.335174 1.11901 0.641409 0.806942 0.072572 -0.497092 -0.55254 0.419318 -1.11871 -1.94793 -0.14007 -0.455515 0.433647 1.2635 0.593076 0.857848 0.0840041 -0.480003 -0.553717 0.419452 -1.18648 -1.98142 -0.183583 -0.486706 0.528919 1.35634 0.614744 0.907388 -0.018993 0.182397 -0.0131954 -0.146726 -1.78431 -1.26084 -1.16883 -0.800198 2.55144 3.19169 -0.278793 1.28875 0.445013 0.590969 -0.0371272 0.0680782 -1.59459 -0.438148 -1.00776 -0.757142 2.27626 1.44649 0.885713 1.18528 2.82296 -2.04644 -4.80096 -2.93855 -3.83232 -4.89592 -1.21429 -5.71127 -1.07405 3.01151 -7.05603 -8.13377 2.23902 -1.79006 -5.13025 -2.58597 -1.80038 -2.95911 0.187412 -5.10569 -0.273019 -0.107565 -5.51419 -7.77995 0 0 0 2.77377 0.541994 -0.112548 0.443143 0.21408 1.64763 0.133615 -0.424998 -0.557038 0.431727 -1.26686 -1.94863 -0.243441 -0.536903 0.653174 1.31508 0.713875 0.982069 0.630442 0.602104 -0.0348604 0.208149 -0.311635 0.946387 -0.592168 -0.514081 0.435411 -1.96945 1.3444 0.727782 0.072572 -0.497092 -0.55254 0.419318 -1.11871 -1.94793 -0.14007 -0.455515 0.433647 1.2635 0.593076 0.857848 0.0840041 -0.480003 -0.553717 0.419452 -1.18648 -1.98142 -0.183583 -0.486706 0.528919 1.35634 0.614744 0.907388 0.107372 -0.451661 -0.555426 0.424522 -1.23889 -1.97836 -0.21763 -0.514332 0.606288 1.36927 0.660931 0.949479 0.445013 0.590969 -0.0371272 0.0680782 -1.59459 -0.438148 -1.00776 -0.757142 2.27626 1.44649 0.885713 1.18528 0.626117 0.7337 -0.0435827 0.153908 -1.05851 0.414505 -0.773621 -0.64881 1.57398 -0.527663 1.27511 0.966714 2.23902 -1.79006 -5.13025 -2.58597 -1.80038 -2.95911 0.187412 -5.10569 -0.273019 -0.107565 -5.51419 -7.77995 2.28667 -2.23103 -5.30407 -0.770285 0.167089 -2.43542 -0.0515976 -3.24607 -0.662951 -3.0086 -4.46691 -5.89686 0 0 0 2.76616 0.54039 -0.113358 1.04458 0.0901968 1.66358 0.157455 -0.406917 -0.557871 0.443221 -1.25632 -1.89901 -0.265916 -0.55342 0.627525 1.19373 0.769673 1.00539 0.533719 0.381501 -0.0103452 0.384831 0.817766 1.56372 -0.612743 -0.331085 -1.91899 -4.16605 1.54554 0.48226 0.0840041 -0.480003 -0.553717 0.419452 -1.18648 -1.98142 -0.183583 -0.486706 0.528919 1.35634 0.614744 0.907388 0.107372 -0.451661 -0.555426 0.424522 -1.23889 -1.97836 -0.21763 -0.514332 0.606288 1.36927 0.660931 0.949479 0.133615 -0.424998 -0.557038 0.431727 -1.26686 -1.94863 -0.243441 -0.536903 0.653174 1.31508 0.713875 0.982069 0.626117 0.7337 -0.0435827 0.153908 -1.05851 0.414505 -0.773621 -0.64881 1.57398 -0.527663 1.27511 0.966714 0.630442 0.602104 -0.0348604 0.208149 -0.311635 0.946387 -0.592168 -0.514081 0.435411 -1.96945 1.3444 0.727782 2.28667 -2.23103 -5.30407 -0.770285 0.167089 -2.43542 -0.0515976 -3.24607 -0.662951 -3.0086 -4.46691 -5.89686 2.47951 -2.41712 -5.20658 1.81289 1.55949 -2.75314 -0.423293 -0.698438 -3.12703 -5.67805 -3.53789 -3.7505 0 0 0 2.75874 0.540627 -0.110412 2.15686 -0.421365 1.48444 0.178167 -0.397665 -0.557578 0.471157 -1.19443 -1.81822 -0.295635 -0.558105 0.480931 0.957884 0.847418 1.01658 0.560704 0.122581 0.017031 0.945366 1.80196 2.16251 -0.830714 0.0390308 -4.25636 -6.57569 2.3421 0.14719 0.107372 -0.451661 -0.555426 0.424522 -1.23889 -1.97836 -0.21763 -0.514332 0.606288 1.36927 0.660931 0.949479 0.133615 -0.424998 -0.557038 0.431727 -1.26686 -1.94863 -0.243441 -0.536903 0.653174 1.31508 0.713875 0.982069 0.157455 -0.406917 -0.557871 0.443221 -1.25632 -1.89901 -0.265916 -0.55342 0.627525 1.19373 0.769673 1.00539 0.630442 0.602104 -0.0348604 0.208149 -0.311635 0.946387 -0.592168 -0.514081 0.435411 -1.96945 1.3444 0.727782 0.533719 0.381501 -0.0103452 0.384831 0.817766 1.56372 -0.612743 -0.331085 -1.91899 -4.16605 1.54554 0.48226 2.47951 -2.41712 -5.20658 1.81289 1.55949 -2.75314 -0.423293 -0.698438 -3.12703 -5.67805 -3.53789 -3.7505 2.4203 -2.73899 -5.28123 5.72373 2.9391 -1.75861 0.961551 2.05883 -7.51478 -11.1725 -0.569213 -1.68158 0 0 0 2.75247 0.545038 -0.097101 3.40387 -1.17446 0.679693 0.208176 -0.408311 -0.556131 0.543605 -1.12985 -1.71881 -0.33743 -0.54239 0.324905 0.625856 0.975991 1.01535 0.572699 -0.575295 0.0275443 1.53886 1.00618 1.74303 -0.798564 0.513675 -2.4939 -6.32188 2.76056 -0.0735724 0.133615 -0.424998 -0.557038 0.431727 -1.26686 -1.94863 -0.243441 -0.536903 0.653174 1.31508 0.713875 0.982069 0.157455 -0.406917 -0.557871 0.443221 -1.25632 -1.89901 -0.265916 -0.55342 0.627525 1.19373 0.769673 1.00539 0.178167 -0.397665 -0.557578 0.471157 -1.19443 -1.81822 -0.295635 -0.558105 0.480931 0.957884 0.847418 1.01658 0.533719 0.381501 -0.0103452 0.384831 0.817766 1.56372 -0.612743 -0.331085 -1.91899 -4.16605 1.54554 0.48226 0.560704 0.122581 0.017031 0.945366 1.80196 2.16251 -0.830714 0.0390308 -4.25636 -6.57569 2.3421 0.14719 2.4203 -2.73899 -5.28123 5.72373 2.9391 -1.75861 0.961551 2.05883 -7.51478 -11.1725 -0.569213 -1.68158 2.11738 -2.83483 -5.80953 9.17656 2.54117 -2.29466 2.74466 3.59425 -12 -12 1.65858 -1.08049 0 0 0 2.75007 0.54884 -0.0882733 2.04955 -0.832268 0.271617 0.226277 -0.449689 -0.555459 0.59127 -1.09952 -1.66415 -0.361892 -0.512823 0.247593 0.405686 1.08575 1.0144 0.390657 -1.24025 0.0105879 1.00513 0.632034 1.07952 -0.458467 0.925865 -1.6418 -4.748 2.5979 -0.144851 0.157455 -0.406917 -0.557871 0.443221 -1.25632 -1.89901 -0.265916 -0.55342 0.627525 1.19373 0.769673 1.00539 0.178167 -0.397665 -0.557578 0.471157 -1.19443 -1.81822 -0.295635 -0.558105 0.480931 0.957884 0.847418 1.01658 0.208176 -0.408311 -0.556131 0.543605 -1.12985 -1.71881 -0.33743 -0.54239 0.324905 0.625856 0.975991 1.01535 0.560704 0.122581 0.017031 0.945366 1.80196 2.16251 -0.830714 0.0390308 -4.25636 -6.57569 2.3421 0.14719 0.572699 -0.575295 0.0275443 1.53886 1.00618 1.74303 -0.798564 0.513675 -2.4939 -6.32188 2.76056 -0.0735724 2.11738 -2.83483 -5.80953 9.17656 2.54117 -2.29466 2.74466 3.59425 -12 -12 1.65858 -1.08049 1.35193 -3.47455 -7.177 12 0.876247 -3.27706 3.91208 5.10041 -12 -12 2.72093 -0.955308
