cmd 0 0 0
base_rpy -3.11834 0.126386 -0.0570858
projected_gravity -0.12605 0.0565997 -0.990408
body_omega -4.23275 -9.42313 -0.0369821
base_acc 24.5355 -3.34407 -0.504054
omega_world -4.4797 -9.30827 -0.0368209
base_quat_wxyz 0.997509 -0.0292139 -0.0627901 -0.0133981
base_rot_mat 0.991756 0.030398 -0.124485 -0.0230607 0.997934 0.0599648 0.12605 -0.0565997 0.990408
joint_pos_policy -0.0755514 -0.0526615 -0.49107 0.306887 -0.789558 -0.783325 -0.653952 -0.641291 1.37293 1.36647 1.67582 1.45115
joint_vel_policy -0.428328 -0.896499 -3.17057 0.866335 -0.184146 -0.921348 0.732123 -0.0310913 -1.31677 0.764052 -2.11052 -0.242882
obs_contract cmd:3 base_rpy:3 body_omega:3 joint_pos:12 joint_vel:12 joint_pos_history:36 joint_vel_history:24 action_history:24
parity_build_id 2026-02-16-rpy-from-quat-history-abs-noise0-quat-fallback-rpy-actionhist-zero-delay1-rpy-step0-pi-canonical-neg
base_rpy_mode legacy_xyzw_from_rotmat_step0_pi_canonical_neg
history_frame_push_mode single_first_step
action_history_mode training_parity_zero_seed_delay1
history_seed_file_loaded 0
history_seed_file_used 0
history_seed_file_path none
joint_pos_history -0.0341214 -0.00373878 -0.142583 0.134526 -0.775061 -0.770616 -0.776342 -0.72621 1.49464 1.48328 1.82066 1.56471 -0.0420428 -0.0116777 -0.237507 0.213369 -0.77825 -0.771279 -0.738537 -0.681594 1.46233 1.44625 1.82717 1.51865 -0.0571906 -0.0269206 -0.360681 0.269561 -0.783064 -0.770249 -0.692086 -0.650897 1.42227 1.39355 1.76278 1.47572
pos_hist -0.0341214 -0.00373878 -0.142583 0.134526 -0.775061 -0.770616 -0.776342 -0.72621 1.49464 1.48328 1.82066 1.56471 -0.0420428 -0.0116777 -0.237507 0.213369 -0.77825 -0.771279 -0.738537 -0.681594 1.46233 1.44625 1.82717 1.51865 -0.0571906 -0.0269206 -0.360681 0.269561 -0.783064 -0.770249 -0.692086 -0.650897 1.42227 1.39355 1.76278 1.47572
joint_vel_history -0.258118 -0.25634 -2.68748 1.8708 -0.0861254 0.0025108 1.11435 1.12368 -0.880249 -1.05842 -0.647614 -1.34602 -0.436837 -0.441004 -3.23741 1.16938 -0.137288 0.0405021 1.14495 0.578445 -1.0839 -1.4698 -2.00053 -0.946947
vel_hist -0.258118 -0.25634 -2.68748 1.8708 -0.0861254 0.0025108 1.11435 1.12368 -0.880249 -1.05842 -0.647614 -1.34602 -0.436837 -0.441004 -3.23741 1.16938 -0.137288 0.0405021 1.14495 0.578445 -1.0839 -1.4698 -2.00053 -0.946947
action_history 0.674945 -1.33974 -7.15824 2.1965 0.420894 -0.913775 1.20309 1.59844 -12 -12 -1.46697 -2.00903 2.56592 -2.03128 -6.9249 -0.905302 -0.677701 -2.24747 0.454371 -0.347305 -12 -8.62221 -2.31428 -1.76413
tgt_hist 0.674945 -1.33974 -7.15824 2.1965 0.420894 -0.913775 1.20309 1.59844 -12 -12 -1.46697 -2.00903 2.56592 -2.03128 -6.9249 -0.905302 -0.677701 -2.24747 0.454371 -0.347305 -12 -8.62221 -2.31428 -1.76413
action_raw 5.99954 -7.40263 -6.00244 2.25535 -7.38951 -3.50812 -3.24422 -2.86279 -2.89084 7.90821 -1.97269 -0.618193
action_offset 1.49988 -1.85066 -1.50061 0.563838 -1.84738 -0.87703 -0.811055 -0.715698 -0.72271 1.97705 -0.493174 -0.154548
target_joint_pos_policy 1.48448 -1.83467 -1.52274 0.586281 -2.61435 -1.64532 -1.57692 -1.4829 0.8149 3.51341 1.05471 1.39224
target_joint_pos 1.48448 -2.61435 0.8149 -1.83467 -1.64532 3.51341 -1.52274 -1.57692 1.05471 0.586281 -1.4829 1.39224
joint_limits_lower -0.51777 -2.6433 0.51876 -0.51777 -2.6433 0.51876 -0.51777 -2.6433 0.51876 -0.51777 -2.6433 0.51876
joint_limits_upper 0.51777 0.31086 2.76408 0.51777 0.31086 2.76408 0.51777 0.31086 2.76408 0.51777 0.31086 2.76408
effort_limits 24 24 36 24 24 36 24 24 36 24 24 36
target_joint_pos_clipped 0.51777 -2.61435 0.8149 -0.51777 -1.64532 2.76408 -0.51777 -1.57692 1.05471 0.51777 -1.4829 1.39224
pd_tau_raw 31.5004 -36.3669 -10.2388 -35.0126 -16.5949 42.4039 -18.414 -18.9718 -10.945 4.98143 -16.8104 -1.00811
pd_tau_clipped 24 -24 -10.2388 -24 -16.5949 36 -18.414 -18.9718 -10.945 4.98143 -16.8104 -1.00811
obs_flat 0 0 0 -3.11834 0.126386 -0.0570858 -4.23275 -9.42313 -0.0369821 -0.0755514 -0.0526615 -0.49107 0.306887 -0.789558 -0.783325 -0.653952 -0.641291 1.37293 1.36647 1.67582 1.45115 -0.428328 -0.896499 -3.17057 0.866335 -0.184146 -0.921348 0.732123 -0.0310913 -1.31677 0.764052 -2.11052 -0.242882 -0.0341214 -0.00373878 -0.142583 0.134526 -0.775061 -0.770616 -0.776342 -0.72621 1.49464 1.48328 1.82066 1.56471 -0.0420428 -0.0116777 -0.237507 0.213369 -0.77825 -0.771279 -0.738537 -0.681594 1.46233 1.44625 1.82717 1.51865 -0.0571906 -0.0269206 -0.360681 0.269561 -0.783064 -0.770249 -0.692086 -0.650897 1.42227 1.39355 1.76278 1.47572 -0.258118 -0.25634 -2.68748 1.8708 -0.0861254 0.0025108 1.11435 1.12368 -0.880249 -1.05842 -0.647614 -1.34602 -0.436837 -0.441004 -3.23741 1.16938 -0.137288 0.0405021 1.14495 0.578445 -1.0839 -1.4698 -2.00053 -0.946947 0.674945 -1.33974 -7.15824 2.1965 0.420894 -0.913775 1.20309 1.59844 -12 -12 -1.46697 -2.00903 2.56592 -2.03128 -6.9249 -0.905302 -0.677701 -2.24747 0.454371 -0.347305 -12 -8.62221 -2.31428 -1.76413 0 0 0 0 0 0 0 0 0 0 0 0 0 0 0 0 0 0 0 0 0 0 0 0 0 0 0 0 0 0 0 0 0 0 0 0 0 0 0 0 0 0 0 0 0 0 0 0 0 0 0 0 0 0 0 0 0 0 0 0 0 0 0 0 0 0 0 0 0 0 0 0 0 0 0 0 0 0 0 0 0 0 0 0 0 0 0 0 0 0 0 0 0 0 0 0 0 0 0 0 0 0 0 0 0 0 0 0 0 0 0 0 0 0 0 0 0 0 0 0 0 0 0 0 0 0 0 0 0 0 0 0 0 0 0 0 0 0 0 0 0 0 0 0 0 0 0 0 0 0 0 0 0 0 0 0 0 0 0 0 0 0 0 0 0 0 0 0 0 0 0 0 0 0 0 0 0 0 0 0 0 0 0 0 0 0 0 0 0 0 0 0 0 0 0 0 0 0 0 0 0 0 0 0 0 0 0 0 0 0 0 0 0 0 0 0 0 0 0 0 0 0 0 0 0 0 0 0 0 0 0 0 0 0 0 0 0 0 0 0 0 0 0 0 0 0 0 0 0 0 0 0 0 0 0 0 0 0 0 0 0 0 0 0 0 0 0 0 0 0 0 0 0 0 0 0 0 0 0 0 0 0 0 0 0 0 0 0 0 0 0 0 0 0 0 0 0 0 0 0 0 0 0 0 0 0 0 0 0 0 0 0 0 0 0 0 0 0 0 0 0 0 0 0 0 0 0 0 0 0 0 0 0 0 0 0 0 0 0 0 0 0 0 0 0 0 0 0 0 0 0 0 0 0 0 0 0 0 0 0 0 0 0 0 0 0 0 0 0 0 0 0 0 0 0 0 0 0 0 0 0 0 0 0 0 0 0 0 0 0 0 0 0 0 0 0 0 0 0 0 0 0 0 0 0 0 0 0 0 0 0 0 0 0 0 0 0 0 0 0 0 0 0 0 0 0 0 0 0 0 0 0 0 0 0 0 0 0 0 0 0 0 0 0 0 0 0 0 0 0 0 0 0 0 0 0 0 0 0 0 0 0 0 0 0 0 0 0 0 0 0 0 0 0 0 0 0 0 0 0 0 0 0 0 0 0 0 0 0 0 0 0 0 0 0 0 0 0 0 0 0 0 0 0 0 0 0 0 0 0 0 0 0 0 0 0 0 0 0 0 0 0 0 0 0 0 0 0 0 0 0 0 0 0 0 0 0 0 0 0 0 0 0 0 0 0 0 0 0 0 0 0 0 0 0 0 0 0 0 0 0 0 0 0 0 0 0 0 0 0 0 0 0 0 0 0 0 0 0 0 0 0 0 0 0 0 0 0 0 0 0 0 0 0 0 0 0 0 0 0 0 0 0 0 0 0 0 0 0 0 0 0 0 0 0 0 0 0 0 0 0 0 0 0 0 0 0 0 0 0 0 0 0 0 0 0 0 0 0 0 0 0 0 0 0 0 0 0 0 0 0 0 0 0 0 0 0 0 0 0 0 0 0 0 0 0 0 0 0 0 0 0 0 0 0 0 0 0 0 0 0 0 0 0 0 0 0 0 0 0 0 0 0 0 0 0 0 0 0 0 0 0 0 0 0 0 0 0 0 0 0 0 0 0 0 0 0 0 0 0 0 0 0 0 0 0 0 0 0 0 0 0 0 0 0 0 0 0 0 0 0 0 0 0 0 0 0 0 0 0 0 0 0 0 0 0 0 0 0 0 0 0 0 0 0 0 0 0 0 0 0 0 0 0 0 0 0 0 0 0 0 0 0 0 0 0 0 0 0 0 0 0 0 0 0 0 0 0 0 0 0 0 0 0 0 0 0 0 0 0 0 0 0 0 0 0 0 0 0 0 0 0 0 0 0 0 0 0 0 0 0 0 0 0 0 0 0 0 0 0 0 0 0 0 0 0 0 0 0 0 0 0 0 0 0 0 0 0 0 0 0 0 0 0 0 0 0 0 0 0 0 0 0 0 0 0 0 0 0 0 0 0 0 0 0 0 0 0 0 0 0 0 0 0 0 0 0 0 0 0 0 0 0 0 0 0 0 0 0 0 0 0 0 0 0 0 0 0 0 0 0 0 0 0 0 0 0 0 0 0 0 0 0 0 0 0 0 0 0 0 0 0 0 0 0 0 0 0 0 0 0 0 0 0 0 0 0 0 0 0 0 0 0 0 0 0 0 0 0 0 0 0 0 0 0 0 0 0 0 0 0 0 0 0 0 0 0 0 0 0 0 0 0 0 0 0 0 0 0 0 0 0 0 0 0 0 0 0 0 0 0 0 0 0 0 0 0 0 0 0 0 0 0 0 0 0 0 0 0 0 0 0 0 0 0 0 0 0 0 0 0 0 0 0 0 0 0 0 0 0 0 0 0 0 0 0 0 0 0 0 0 0 0 0 0 0 0 0 0 0 0 0 0 0 0 0 0 0 0 0 0 0 0 0 0 0 0 0 0 0 0 0 0 0 0 0 0 0 0 0 0 0 0 0 0 0 0 0 0 0 0 0 0 0 0 0 0 0 0 0 0 0 0 0 0 0 0 0 0 0 0 0 0 0 0 0 0 0 0 0 0 0 0 0 0 0 0 0 0 0 0 0 0 0 0 0 0 0 0 0 0 0 0 0 0 0 0 0 0 0 0 0 0 0 0 0 0 0 0 0 0 0 0 0 0 0 0 0 0 0 0 0 0 0 0 0 0 0 0 0 0 0 0 0 0 0 0 0 0 0 0 0 0 0 0 0 0 0 0 0 0 0 0 0 0 0 0 0 0 0 0 0 0 0 0 0 0 0 0 0 0 0 0 0 0 0 0 0 0 0 0 0 0 0 0 0 0 0 0 0 0 0 0 0 0 0 0 0 0 0 0 0 0 0 0 0 0 0 0 0 0 0 0 0 0 0 0 0 0 0 0 0 0 0 0 0 0 0 0 0 0 0 0 0 0 0 0 0 0 0 0 0 0 0 0 0 0 0 0 0 0 0 0 0 0 0 0 0 0 0 0 0 0 0 0 0 0 0 0 0 0 0 0 0 0 0 0 0 0 0 0 0 0 0 0 0 0 0 0 0 0 0 0 0 0 0 0 0 0 0 0 0 0 0 0 0 0 0 0 0 0 0 0 0 0 0 0 0 0 0 0 0 0 0 0 0 0 0 0 0 0 0 0 0 0 0 0 0 0 0 0 0 0 0 0 0 0 0 0 0 0 0 0 0 0 0 0 0 0 0 0 0 0 0 0 0 0 0 0 0 0 0 0 0 0 0 0 0 0 0 0 0 0 0 0 0 0 0 0 0 0 0 0 0 0 0 0 0 0 0 0 0 0 0 0 0 0 0 0 0 0 0 0 0 0 0 0 0 0 0 0 0 0 0 0 0 0 0 0 0 0 0 0 0 0 0 0 0 0 0 0 0 0 0 0 0 0 0 0 0 0 0 0 0 0 0 0 0 0 0 0 0 0 0 0 0 0 0 0 0 0 0 0 0 0 0 0 0 0 0 0 0 0 0 0 0 0 0 0 0 0 0 0 0 0 0 0 0 0 0 0 0 0 0 0 0 0 0 0 0 0 0 0 0 0 0 0 0 0 0 0 0 0 0 0 0 0 0 0 0 0 0 0 0 0 0 0 0 0 0 0 0 0 0 0 0 0 0 0 0 0 0 0 0 0 0 0 0 0 0 0 0 0 0 0 0 0 0 0 0 0 0 0 0 0 0 0 0 0 0 0 0 0 0 0 0 0 0 0 0 0 0 0 0 0 0 0 0 0 0 0 0 0 0 0 0 0 0 0 0 0 0 0 0 0 0 0 0 0 0 0 0 0 0 0 0 0 0 0 0 0 0 0 0 0 0 0 0 0 0 0 0 0 0 0 0 0 0 0 0 0 0 0 0 0 0 0 0 0 0 0 0 0 0 0 0 0 0 0 0 0 0 0 0 0 0 0 0 0 0 0 0 0 0 0 0 0 0 0 0 0 0 0 0 0 0 0 0 0 0 0 0 0 0 0 0 0 0 0 0 0 0 0 0 0 0 0 0 0 0 0 0 0 0 0 0 0 0 0 0 0 0 0 0 0 0 0 0 0 0 0 0 0 0 0 0 0 0 0 0 0 0 0 0 0 0 0 0 0 0 0 0 0 0 0 0 0 0 0 0 0 0 0 0 0 0 0 0 0 0 0 0 0 0 0 0 0 0 0 0 0 0 0 0 0 0 0 0 0 0 0 0 0 0 0 0 0 0 0 0 0 0 0 0 0 0 0 0 0 0 0 0 0 0 0 0 0 0 0 0 0 0 0 0 0 0 0 0 0 0 0 0 0 0 0 0 0 0 0 0 0 0 0 0 0 0 0 0 0 0 0 0 0 0 0 0 0 0 0 0 0 0 0 0 0 0 0 0 0 0 0 0 0 0 0 0 0 0 0 0 0 0 0 0 0 0 0 0 0 0 0 0 0 0 0 0 0 0 0 0 0 0 0 0 0 0 0 0 0 0 0 0 0 0 0 0 0 0 0 0 0 0 0 0 0 0 0 0 0 0 0 0 0 0 0 0 0 0 0 0 0 0 0 0 0 0 0 0 0 0 0 0 0 0 0 0 0 0 0 0 0 0 0 0 0 0 0 0 0 0 0 0 0 0 0 0 0 0 0 0 0 0 0 0 0 0 0 0 0 0 0 0 0 0 0 0 0 0 0 0 0 0 0 0 0 0 0 0 0 0 0 0 0 0 0 0 0 0 0 0 0 0 0 0 0 0 0 0 0 0 0 0 0 0 0 0 0 0 0 0 0 0 0 0 0 0 0 0 0 0 0 0 0 0 0 0 0 0 0 0 0 0 0 0 0 0 0 0 0 0 0 0 0 0 0 0 0 0 0 0 0 0 0 0 0 0 0 0 0 0 0 0 0 0 0 0 0 0 0 0 0 0 0 0 0 0 0 0 0 0 0 0 0 0 0 0 0 0 0 0 0 0 0 0 0 0 0 0 0 0 0 0 0 0 0 0 0 0 0 0 0 0 0 0 0 0 0 0 0 0 0 0 0 0 0 0 0 0 0 0 0 0 0 0 0 0 0 0 0 0 0 0 0 0 0 0 0 0 0 0 0 0 0 0 0 0 0 0 0 0 0 0 0 0 0 0 0 0 0 0 0 0 0 0 0 0 0 0 0 0 0 0 0 0 0 0 0 0 0 0 0 0 0 0 0 0 0 0 0 0 0 0 0 0 0 0 0 0 0 0 0 0 0 0 0 0 0 0 0 0 0 0 0 0 0 0 0 0 0 0 0 0 0 0 0 0 0 0 0 0 0 0 0 0 0 0 0 0 0 0 0 0 0 0 0 0 0 0 0 0 0 0 0 0 0 0 0 0 0 0 0 0 0 0 0 0 0 0 0 0 0 0 0 0 0 0 0 0 0 0 0 0 0 0 0 0 0 0 0 0 0 0 0 0 0 0 0 0 0 0 0 0 0 0 0 0 0 0 0 0 0 0 0 0 0 0 0 0 0 0 0 0 0 0 0 0 0 0 0 0 0 0 0 0 0 0 0 0 0 0 0 0 0 0 0 0 0 0 0 0 0 0 0 0 0 0 0 0 0 0 0 0 0 0 0 0 0 0 0 0 0 0 0 0 0 0 0 0 0 0 0 0 0 0 0 0 0 0 0 0 0 0 0 0 0 0 0 0 0 0 0 0 0 0 0 0 0 0 0 0 0 0 0 0 0 0 0 0 0 0 0 0 0 0 0 0 0 0 0 0 0 0 0 0 0 0 0 0 0 0 0 0 0 0 0 0 0 0 0 0 0 0 0 0 0 0 0 0 0 0 0 0 0 0 0 0 0 0 0 0 0 0 0 0 0 0 0 0 0 0 0 0 0 0 0 0 0 0 0 0 0 0 0 0 0 0 0 0 0 0 0 0 0 0 0 0 0 0 0 0 0 0 0 0 0 0 0 0 0 0 0 0 0 0 0 0 0 0 0 0 0 0 0 0 0 0 0 0 0 0 0 0 0 0 0 0 0 0 0 0 0 0 0 0 0 0 0 0 0 0 0 0 0 0 0 0 0 0 0 0 0 0 0 0 0 0 0 0 0 0 0 0 0 0 0 0 0 0 0 0 0 0 0 0 0 0 0 0 0 0 0 0 0 0 0 0 0 0 0 0 0 0 0 0 0 0 0 0 0 0 0 0 0 0 0 0 0 0 0 0 0 0 0 0 0 0 0 0 0 0 0 0 0 0 0 0 0 0 0 0 0 0 0 0 0 0 0 0 0 0 0 0 0 0 0 0 0 0 0 0 0 0 0 0 0 0 0 0 0 0 0 0 0 0 0 0 0 0 0 0 0 0 0 0 0 0 0 0 0 0 0 0 0 0 0 0 0 0 0 0 0 0 0 0 0 0 0 0 0 0 0 0 0 0 0 0 0 0 0 0 0 0 0 0 0 0 0 0 0 0 0 0 0 0 0 0 0 0 0 0 0 0 0 0 0 0 0 0 0 0 0 0 0 0 0 0 0 0 0 0 0 0 0 0 0 0 0 0 0 0 0 0 0 0 0 0 0 0 0 0 0 0 0 0 0 0 0 0 0 0 0 0 0 0 0 0 0 0 0 0 0 0 0 0 0 0 0 0 0 0 0 0 0 0 0 0 0 0 0 0 0 0 0 0 0 0 0 0 0 0 0 0 0 0 0 0 0 0 0 0 0 0 0 0 0 0 0 0 0 0 0 0 0 0 0 0 0 0 0 0 0 0 0 0 0 0 0 0 0 0 0 0 0 0 0 0 0 0 0 0 0 0 0 0 0 0 0 0 0 0 0 0 0 0 0 0 0 0 0 0 0 0 0 0 0 0 0 0 0 0 0 0 0 0 0 0 0 0 0 0 0 0 0 0 0 0 0 0 0 0 0 0 0 0 0 0 0 0 0 0 0 0 0 0 0 0 0 0 0 0 0 0 0 0 0 0 0 0 0 0 0 0 0 0 0 0 0 0 0 0 0 0 0 0 0 0 0 0 0 0 0 0 0 0 0 0 0 0 0 0 0 0 0 0 0 0 0 0 0 0 0 0 0 0 0 0 0 0 0 0 0 0 0 0 0 0 0 0 0 0 0 0 0 0 0 0 0 0 0 0 0 0 0 0 0 0 0 0 0 0 0 0 0 0 0 0 0 0 0 0 0 0 0 0 0 0 0 0 0 0 0 0 0 0 0 0 0 0 0 0 0 0 0 0 0 0 0 0 0 0 0 0 0 0 0 0 0 0 0 0 0 0 0 0 0 0 0 0 0 0 0 0 0 0 0 0 0 0 0 0 0 0 0 0 0 0 0 0 0 0 0 0 0 0 0 0 0 0 0 0 0 0 0 0 0 0 0 0 0 0 0 0 0 0 0 0 0 0 0 0 0 0 0 0 0 0 0 0 0 0 0 0 0 0 0 0 0 0 0 0 0 0 0 0 0 0 0 0 0 0 0 0 0 0 0 0 0 0 0 0 0 0 0 0 0 0 0 0 0 0 0 0 0 0 0 0 0 0 0 0 0 0 0 0 0 0 0 0 0 0 0 0 0 0 0 0 0 0 0 0 0 0 0 0 0 0 0 0 0 0 0 0 0 0 0 0 0 0 0 0 0 0 0 0 0 0 0 0 0 0 0 0 0 0 0 0 0 0 0 0 0 0 0 0 0 0 0 0 0 0 0 0 0 0 0 0 0 0 0 0 0 0 0 0 0 0 0 0 0 0 0 0 0 0 0 0 0 0 0 0 0 0 0 0 0 0 0 0 0 0 0 0 0 0 0 0 0 0 0 0 0 0 0 0 0 0 0 0 0 0 0 0 0 0 0 0 0 0 0 0 0 0 0 0 0 0 0 0 0 0 0 0 0 0 0 0 0 0 0 0 0 0 0 0 0 0 0 0 0 0 0 0 0 0 0 0 0 0 0 0 0 0 0 0 0 0 0 0 0 0 0 0 0 0 0 0 0 0 0 0 0 0 0 0 0 0 0 0 0 0 0 0 0 0 0 0 0 0 0 0 0 0 0 0 0 0 0 0 0 0 0 0 0 0 0 0 0 0 0 0 0 0 0 0 0 0 0 0 0 0 0 0 0 0 0 0 0 0 0 0 0 0 0 0 0 0 0 0 0 0 0 0 0 0 0 0 0 0 0 0 0 0 0 0 0 0 0 0 0 0 0 0 0 0 0 0 0 0 0 0 0 0 0 0 0 0 0 0 0 0 0 0 0 0 0 0 0 0 0 0 0 0 0 0 0 0 0 0 0 0 0 0 0 0 0 0 0 0 0 0 0 0 0 0 0 0 0 0 0 0 0 0 0 0 0 0 0 0 0 0 0 0 0 0 0 0 0 0 0 0 0 0 0 0 0 0 0 0 0 0 0 0 0 0 0 0 0 0 0 0 0 0 0 0 0 0 0 0 0 0 0 0 0 0 0 0 0 0 0 0 0 0 0 0 0 0 0 0 0 0 0 0 0 0 0 0 0 0 0 0 0 0 0 0 0 0 0 0 0 0 0 0 0 0 0 0 0 0 0 0 0 0 0 0 0 0 0 0 0 0 0 0 0 0 0 0 0 0 0 0 0 0 0 0 0 0 0 0 0 0 0 0 0 0 0 0 0 0 0 0 0 0 0 0 0 0 0 0 0 0 0 0 0 0 0 0 0 0 0 0 0 0 0 0 0 0 0 0 0 0 0 0 0 0 -3.11643 0.0064217 -0.00044972 -7.66308e-06 9.05777e-06 -2.25002e-05 -0.0154456 0.0160288 -0.0222097 0.0225225 -0.767019 -0.768334 -0.765859 -0.767202 1.5376 1.53635 1.54786 1.54677 -4.81955e-05 4.67627e-05 -8.06083e-05 8.2291e-05 -3.73523e-05 -3.90167e-05 -5.99391e-06 -9.74351e-06 -3.02658e-06 -3.71957e-06 -2.61505e-05 -2.8804e-05 -0.0154456 0.0160288 -0.0222097 0.0225225 -0.767019 -0.768334 -0.765859 -0.767202 1.5376 1.53635 1.54786 1.54677 -0.0154456 0.0160288 -0.0222097 0.0225225 -0.767019 -0.768334 -0.765859 -0.767202 1.5376 1.53635 1.54786 1.54677 -0.0154456 0.0160288 -0.0222097 0.0225225 -0.767019 -0.768334 -0.765859 -0.767202 1.5376 1.53635 1.54786 1.54677 -4.81955e-05 4.67627e-05 -8.06083e-05 8.2291e-05 -3.73523e-05 -3.90167e-05 -5.99391e-06 -9.74351e-06 -3.02658e-06 -3.71957e-06 -2.61505e-05 -2.8804e-05 -4.81955e-05 4.67627e-05 -8.06083e-05 8.2291e-05 -3.73523e-05 -3.90167e-05 -5.99391e-06 -9.74351e-06 -3.02658e-06 -3.71957e-06 -2.61505e-05 -2.8804e-05 0 0 0 0 0 0 0 0 0 0 0 0 0 0 0 0 0 0 0 0 0 0 0 0 0 0 0 -3.11631 0.00787104 -0.00178818 -0.873013 -0.948762 -0.0781345 -0.0169234 0.0144708 -0.0264351 0.0251844 -0.76752 -0.768343 -0.770746 -0.768118 1.53592 1.53378 1.5723 1.55349 -0.0960959 -0.101135 -0.285067 0.176968 -0.0319891 -0.000180557 -0.302391 -0.0569164 -0.110741 -0.167963 1.561 0.43867 -0.0154456 0.0160288 -0.0222097 0.0225225 -0.767019 -0.768334 -0.765859 -0.767202 1.5376 1.53635 1.54786 1.54677 -0.0154456 0.0160288 -0.0222097 0.0225225 -0.767019 -0.768334 -0.765859 -0.767202 1.5376 1.53635 1.54786 1.54677 -0.0154456 0.0160288 -0.0222097 0.0225225 -0.767019 -0.768334 -0.765859 -0.767202 1.5376 1.53635 1.54786 1.54677 -4.81955e-05 4.67627e-05 -8.06083e-05 8.2291e-05 -3.73523e-05 -3.90167e-05 -5.99391e-06 -9.74351e-06 -3.02658e-06 -3.71957e-06 -2.61505e-05 -2.8804e-05 -4.81955e-05 4.67627e-05 -8.06083e-05 8.2291e-05 -3.73523e-05 -3.90167e-05 -5.99391e-06 -9.74351e-06 -3.02658e-06 -3.71957e-06 -2.61505e-05 -2.8804e-05 0 0 0 0 0 0 0 0 0 0 0 0 0 0 0 0 0 0 0 0 0 0 0 0 0 0 0 -3.11566 0.0188593 -0.0091409 -1.69345 -3.00734 -0.170191 -0.025081 0.00586306 -0.0639402 0.058218 -0.770595 -0.768835 -0.78602 -0.758151 1.5223 1.51558 1.69881 1.56852 -0.188284 -0.199776 -1.07336 0.996708 -0.0786033 -0.0201277 -0.198386 0.356643 -0.379932 -0.483298 2.8506 0.240378 -0.0154456 0.0160288 -0.0222097 0.0225225 -0.767019 -0.768334 -0.765859 -0.767202 1.5376 1.53635 1.54786 1.54677 -0.0154456 0.0160288 -0.0222097 0.0225225 -0.767019 -0.768334 -0.765859 -0.767202 1.5376 1.53635 1.54786 1.54677 -0.0169234 0.0144708 -0.0264351 0.0251844 -0.76752 -0.768343 -0.770746 -0.768118 1.53592 1.53378 1.5723 1.55349 -4.81955e-05 4.67627e-05 -8.06083e-05 8.2291e-05 -3.73523e-05 -3.90167e-05 -5.99391e-06 -9.74351e-06 -3.02658e-06 -3.71957e-06 -2.61505e-05 -2.8804e-05 -0.0960959 -0.101135 -0.285067 0.176968 -0.0319891 -0.000180557 -0.302391 -0.0569164 -0.110741 -0.167963 1.561 0.43867 0 0 0 0 0 0 0 0 0 0 0 0 1.62267 -4.30847 -6.11816 10.811 -0.0610975 -2.55409 2.49975 3.14418 -12 -12 6.23657 1.60083 0 0 0 -3.11496 0.0395978 -0.0170778 -1.44916 -4.7508 -0.189216 -0.0341214 -0.00373878 -0.142583 0.134526 -0.775061 -0.770616 -0.776342 -0.72621 1.49464 1.48328 1.82066 1.56471 -0.168757 -0.174686 -1.94301 1.8495 -0.0805983 -0.0313096 0.607203 0.933931 -0.667274 -0.75248 1.40403 -0.663578 -0.0154456 0.0160288 -0.0222097 0.0225225 -0.767019 -0.768334 -0.765859 -0.767202 1.5376 1.53635 1.54786 1.54677 -0.0169234 0.0144708 -0.0264351 0.0251844 -0.76752 -0.768343 -0.770746 -0.768118 1.53592 1.53378 1.5723 1.55349 -0.025081 0.00586306 -0.0639402 0.058218 -0.770595 -0.768835 -0.78602 -0.758151 1.5223 1.51558 1.69881 1.56852 -0.0960959 -0.101135 -0.285067 0.176968 -0.0319891 -0.000180557 -0.302391 -0.0569164 -0.110741 -0.167963 1.561 0.43867 -0.188284 -0.199776 -1.07336 0.996708 -0.0786033 -0.0201277 -0.198386 0.356643 -0.379932 -0.483298 2.8506 0.240378 1.62267 -4.30847 -6.11816 10.811 -0.0610975 -2.55409 2.49975 3.14418 -12 -12 6.23657 1.60083 1.77595 -4.47451 -6.3893 11.0421 -0.242811 -2.68182 2.57278 3.25084 -12 -12 6.25117 1.63008 0 0 0 -3.11484 0.0620335 -0.0239976 -2.33966 -6.14831 -0.0622753 -0.0420428 -0.0116777 -0.237507 0.213369 -0.77825 -0.771279 -0.738537 -0.681594 1.46233 1.44625 1.82717 1.51865 -0.258118 -0.25634 -2.68748 1.8708 -0.0861254 0.0025108 1.11435 1.12368 -0.880249 -1.05842 -0.647614 -1.34602 -0.0169234 0.0144708 -0.0264351 0.0251844 -0.76752 -0.768343 -0.770746 -0.768118 1.53592 1.53378 1.5723 1.55349 -0.025081 0.00586306 -0.0639402 0.058218 -0.770595 -0.768835 -0.78602 -0.758151 1.5223 1.51558 1.69881 1.56852 -0.0341214 -0.00373878 -0.142583 0.134526 -0.775061 -0.770616 -0.776342 -0.72621 1.49464 1.48328 1.82066 1.56471 -0.188284 -0.199776 -1.07336 0.996708 -0.0786033 -0.0201277 -0.198386 0.356643 -0.379932 -0.483298 2.8506 0.240378 -0.168757 -0.174686 -1.94301 1.8495 -0.0805983 -0.0313096 0.607203 0.933931 -0.667274 -0.75248 1.40403 -0.663578 1.77595 -4.47451 -6.3893 11.0421 -0.242811 -2.68182 2.57278 3.25084 -12 -12 6.25117 1.63008 -0.211191 -1.32696 -6.01557 6.61408 -0.485827 -1.38754 2.03388 3.68579 -12 -12 0.969279 -0.986213 0 0 0 -3.11622 0.0909288 -0.038691 -4.27925 -7.87919 0.179004 -0.0571906 -0.0269206 -0.360681 0.269561 -0.783064 -0.770249 -0.692086 -0.650897 1.42227 1.39355 1.76278 1.47572 -0.436837 -0.441004 -3.23741 1.16938 -0.137288 0.0405021 1.14495 0.578445 -1.0839 -1.4698 -2.00053 -0.946947 -0.025081 0.00586306 -0.0639402 0.058218 -0.770595 -0.768835 -0.78602 -0.758151 1.5223 1.51558 1.69881 1.56852 -0.0341214 -0.00373878 -0.142583 0.134526 -0.775061 -0.770616 -0.776342 -0.72621 1.49464 1.48328 1.82066 1.56471 -0.0420428 -0.0116777 -0.237507 0.213369 -0.77825 -0.771279 -0.738537 -0.681594 1.46233 1.44625 1.82717 1.51865 -0.168757 -0.174686 -1.94301 1.8495 -0.0805983 -0.0313096 0.607203 0.933931 -0.667274 -0.75248 1.40403 -0.663578 -0.258118 -0.25634 -2.68748 1.8708 -0.0861254 0.0025108 1.11435 1.12368 -0.880249 -1.05842 -0.647614 -1.34602 -0.211191 -1.32696 -6.01557 6.61408 -0.485827 -1.38754 2.03388 3.68579 -12 -12 0.969279 -0.986213 0.674945 -1.33974 -7.15824 2.1965 0.420894 -0.913775 1.20309 1.59844 -12 -12 -1.46697 -2.00903 0 0 0 -3.11834 0.126386 -0.0570858 -4.23275 -9.42313 -0.0369821 -0.0755514 -0.0526615 -0.49107 0.306887 -0.789558 -0.783325 -0.653952 -0.641291 1.37293 1.36647 1.67582 1.45115 -0.428328 -0.896499 -3.17057 0.866335 -0.184146 -0.921348 0.732123 -0.0310913 -1.31677 0.764052 -2.11052 -0.242882 -0.0341214 -0.00373878 -0.142583 0.134526 -0.775061 -0.770616 -0.776342 -0.72621 1.49464 1.48328 1.82066 1.56471 -0.0420428 -0.0116777 -0.237507 0.213369 -0.77825 -0.771279 -0.738537 -0.681594 1.46233 1.44625 1.82717 1.51865 -0.0571906 -0.0269206 -0.360681 0.269561 -0.783064 -0.770249 -0.692086 -0.650897 1.42227 1.39355 1.76278 1.47572 -0.258118 -0.25634 -2.68748 1.8708 -0.0861254 0.0025108 1.11435 1.12368 -0.880249 -1.05842 -0.647614 -1.34602 -0.436837 -0.441004 -3.23741 1.16938 -0.137288 0.0405021 1.14495 0.578445 -1.0839 -1.4698 -2.00053 -0.946947 0.674945 -1.33974 -7.15824 2.1965 0.420894 -0.913775 1.20309 1.59844 -12 -12 -1.46697 -2.00903 2.56592 -2.03128 -6.9249 -0.905302 -0.677701 -2.24747 0.454371 -0.347305 -12 -8.62221 -2.31428 -1.76413
