cmd 0 0 0
base_rpy 3.08346 0.904792 0.111019
projected_gravity -0.786297 -0.068452 -0.614046
body_omega 0.303775 1.00262 0.674909
base_acc 8.35212 -1.1026 3.6026
omega_world -0.47989 0.895303 0.721913
base_quat_wxyz 0.896933 0.0625616 -0.434814 0.0503379
base_rot_mat 0.616806 -0.144705 -0.7737 0.035894 0.987104 -0.156002 0.786297 0.068452 0.614046
joint_pos_policy 0.560801 -0.561123 -0.560143 0.5588 -2.72601 0.404452 -1.43514 -1.40212 3.13478 3.24132 1.83747 1.99664
joint_vel_policy -0.00561454 0.0041179 0.00455192 0.00447151 0.0131161 -0.020187 0.157061 0.0131952 0.0442195 0.00446237 -0.0190915 -0.0196146
obs_contract cmd:3 base_rpy:3 body_omega:3 joint_pos:12 joint_vel:12 joint_pos_history:36 joint_vel_history:24 action_history:24
parity_build_id 2026-02-16-rpy-from-quat-history-abs-noise0-quat-fallback-rpy-actionhist-zero-delay1-rpy-step0-pi-canonical-neg
base_rpy_mode legacy_xyzw_from_rotmat_step0_pi_canonical_neg
history_frame_push_mode single_first_step
action_history_mode training_parity_zero_seed_delay1
history_seed_file_loaded 0
history_seed_file_used 0
history_seed_file_path none
joint_pos_history 0.56187 -0.56182 -0.561037 0.558175 -2.72811 0.407685 -1.45811 -1.40634 3.13671 3.24084 1.84083 2.00007 0.561363 -0.561506 -0.560623 0.558443 -2.72719 0.406272 -1.44858 -1.40409 3.13413 3.241 1.83931 1.99867 0.561049 -0.561299 -0.560352 0.558624 -2.72656 0.405302 -1.44159 -1.40284 3.13367 3.24115 1.83829 1.99754
pos_hist 0.56187 -0.56182 -0.561037 0.558175 -2.72811 0.407685 -1.45811 -1.40634 3.13671 3.24084 1.84083 2.00007 0.561363 -0.561506 -0.560623 0.558443 -2.72719 0.406272 -1.44858 -1.40409 3.13413 3.241 1.83931 1.99867 0.561049 -0.561299 -0.560352 0.558624 -2.72656 0.405302 -1.44159 -1.40284 3.13367 3.24115 1.83829 1.99754
joint_vel_history -0.00908183 0.00575702 0.00768712 0.00488383 0.0170887 -0.0263507 0.18358 0.039551 -0.036144 0.00349399 -0.0280808 -0.0294683 -0.00715173 0.00487377 0.00618983 0.0043785 0.014969 -0.0230788 0.169354 0.0252826 0.00532103 0.00405775 -0.0243654 -0.0265527
vel_hist -0.00908183 0.00575702 0.00768712 0.00488383 0.0170887 -0.0263507 0.18358 0.039551 -0.036144 0.00349399 -0.0280808 -0.0294683 -0.00715173 0.00487377 0.00618983 0.0043785 0.014969 -0.0230788 0.169354 0.0252826 0.00532103 0.00405775 -0.0243654 -0.0265527
action_history 12 -12 -12 9.48648 -12 11.5276 -3.97278 -3.17612 10.8746 12 -1.12798 0.301836 12 -12 -12 9.23723 -12 11.9719 -4.30663 -3.44809 11.2712 12 -1.61364 0.15419
tgt_hist 12 -12 -12 9.48648 -12 11.5276 -3.97278 -3.17612 10.8746 12 -1.12798 0.301836 12 -12 -12 9.23723 -12 11.9719 -4.30663 -3.44809 11.2712 12 -1.61364 0.15419
action_raw 12 -12 -12 8.7618 -12 12 -4.64533 -3.95864 12 12 -2.27644 -0.285317
action_offset 3 -3 -3 2.19045 -3 3 -1.16133 -0.989661 3 3 -0.569109 -0.0713293
target_joint_pos_policy 2.9846 -2.98401 -3.02213 2.21289 -3.76697 2.23171 -1.9272 -1.75686 4.53761 4.53636 0.978771 1.47546
target_joint_pos 2.9846 -3.76697 4.53761 -2.98401 2.23171 4.53636 -3.02213 -1.9272 0.978771 2.21289 -1.75686 1.47546
joint_limits_lower -0.51777 -2.6433 0.51876 -0.51777 -2.6433 0.51876 -0.51777 -2.6433 0.51876 -0.51777 -2.6433 0.51876
joint_limits_upper 0.51777 0.31086 2.76408 0.51777 0.31086 2.76408 0.51777 0.31086 2.76408 0.51777 0.31086 2.76408
effort_limits 24 24 36 24 24 36 24 24 36 24 24 36
target_joint_pos_clipped 0.51777 -2.6433 2.76408 -0.51777 0.31086 2.76408 -0.51777 -1.9272 0.978771 0.51777 -1.75686 1.47546
pd_tau_raw 48.4798 -20.8284 28.0257 -48.4606 36.5594 25.8976 -49.243 -9.9511 -17.1605 33.0788 -7.10405 -10.4099
pd_tau_clipped 24 -20.8284 28.0257 -24 24 25.8976 -24 -9.9511 -17.1605 24 -7.10405 -10.4099
obs_flat 0 0 0 3.08346 0.904792 0.111019 0.303775 1.00262 0.674909 0.560801 -0.561123 -0.560143 0.5588 -2.72601 0.404452 -1.43514 -1.40212 3.13478 3.24132 1.83747 1.99664 -0.00561454 0.0041179 0.00455192 0.00447151 0.0131161 -0.020187 0.157061 0.0131952 0.0442195 0.00446237 -0.0190915 -0.0196146 0.56187 -0.56182 -0.561037 0.558175 -2.72811 0.407685 -1.45811 -1.40634 3.13671 3.24084 1.84083 2.00007 0.561363 -0.561506 -0.560623 0.558443 -2.72719 0.406272 -1.44858 -1.40409 3.13413 3.241 1.83931 1.99867 0.561049 -0.561299 -0.560352 0.558624 -2.72656 0.405302 -1.44159 -1.40284 3.13367 3.24115 1.83829 1.99754 -0.00908183 0.00575702 0.00768712 0.00488383 0.0170887 -0.0263507 0.18358 0.039551 -0.036144 0.00349399 -0.0280808 -0.0294683 -0.00715173 0.00487377 0.00618983 0.0043785 0.014969 -0.0230788 0.169354 0.0252826 0.00532103 0.00405775 -0.0243654 -0.0265527 12 -12 -12 9.48648 -12 11.5276 -3.97278 -3.17612 10.8746 12 -1.12798 0.301836 12 -12 -12 9.23723 -12 11.9719 -4.30663 -3.44809 11.2712 12 -1.61364 0.15419 0 0 0 -3.11156 0.488575 0.0172538 0.377686 -6.38496 0.689703 1.003 -0.865308 -0.716829 0.692146 -2.1354 -0.250791 -0.959107 -0.990143 2.33612 2.99313 1.65115 1.5848 1.08698 -0.179234 0.332565 -0.0236636 -4.36403 6.7881 -1.0144 -0.943308 3.64444 2.0229 0.970431 0.5368 0.64219 -0.742887 -0.747557 0.659644 -1.586 -0.944913 -0.833059 -0.866422 1.956 2.60268 1.55428 1.53635 0.831019 -0.814037 -0.740334 0.681269 -1.7799 -0.752617 -0.874977 -0.913318 2.07459 2.76433 1.57945 1.55344 0.943611 -0.851311 -0.72961 0.69076 -1.95973 -0.51616 -0.917537 -0.952441 2.19574 2.89985 1.61281 1.56572 3.90006 -1.41289 0.220352 0.407664 -4.65436 5.34223 -1.05732 -1.08227 2.89927 3.93325 0.74495 0.343315 2.23778 -0.676993 0.292037 0.14797 -4.43558 6.21283 -1.06406 -0.932734 3.1715 2.92245 0.881326 0.320802 12 -12 -12 8.93255 -12 8.26425 -2.15325 -1.45693 8.36526 12 1.23016 0.556493 12 -12 -12 9.15484 -12 9.99432 -2.05084 -1.7265 9.03042 12 1.4911 0.715586 0 0 0 -3.11485 0.512534 0.0165784 0.176112 -5.76089 0.909571 1.02594 -0.86389 -0.703044 0.688341 -2.30803 0.0225428 -0.998012 -1.02804 2.48634 3.05829 1.68879 1.6092 0.304055 0.146486 0.349399 -0.131671 -4.28744 6.83378 -0.960846 -0.958458 3.8283 1.42287 0.919946 0.681737 0.831019 -0.814037 -0.740334 0.681269 -1.7799 -0.752617 -0.874977 -0.913318 2.07459 2.76433 1.57945 1.55344 0.943611 -0.851311 -0.72961 0.69076 -1.95973 -0.51616 -0.917537 -0.952441 2.19574 2.89985 1.61281 1.56572 1.003 -0.865308 -0.716829 0.692146 -2.1354 -0.250791 -0.959107 -0.990143 2.33612 2.99313 1.65115 1.5848 2.23778 -0.676993 0.292037 0.14797 -4.43558 6.21283 -1.06406 -0.932734 3.1715 2.92245 0.881326 0.320802 1.08698 -0.179234 0.332565 -0.0236636 -4.36403 6.7881 -1.0144 -0.943308 3.64444 2.0229 0.970431 0.5368 12 -12 -12 9.15484 -12 9.99432 -2.05084 -1.7265 9.03042 12 1.4911 0.715586 12 -12 -12 9.2791 -12 11.4693 -2.01343 -2.17166 9.74184 12 1.78555 1.02943 0 0 0 -3.11932 0.534534 0.0150181 0.179741 -5.34849 1.12856 1.02445 -0.852563 -0.68903 0.681336 -2.47708 0.290705 -1.03659 -1.0666 2.64196 3.10461 1.72336 1.64083 -0.214218 0.352835 0.349222 -0.197109 -4.18369 6.59201 -0.987771 -0.965584 3.9393 1.0186 0.826627 0.898738 0.943611 -0.851311 -0.72961 0.69076 -1.95973 -0.51616 -0.917537 -0.952441 2.19574 2.89985 1.61281 1.56572 1.003 -0.865308 -0.716829 0.692146 -2.1354 -0.250791 -0.959107 -0.990143 2.33612 2.99313 1.65115 1.5848 1.02594 -0.86389 -0.703044 0.688341 -2.30803 0.0225428 -0.998012 -1.02804 2.48634 3.05829 1.68879 1.6092 1.08698 -0.179234 0.332565 -0.0236636 -4.36403 6.7881 -1.0144 -0.943308 3.64444 2.0229 0.970431 0.5368 0.304055 0.146486 0.349399 -0.131671 -4.28744 6.83378 -0.960846 -0.958458 3.8283 1.42287 0.919946 0.681737 12 -12 -12 9.2791 -12 11.4693 -2.01343 -2.17166 9.74184 12 1.78555 1.02943 12 -12 -12 9.02083 -12 12 -2.56567 -2.20431 10.1848 12 1.71085 1.42649 0 0 0 -3.12557 0.561978 0.0123087 0.0103009 -5.68982 1.08371 1.00112 -0.830097 -0.67209 0.670161 -2.67943 0.554183 -1.09185 -1.11393 2.8347 3.14435 1.76181 1.69093 -0.603313 0.500679 0.329547 -0.235921 -3.94224 4.14409 -1.20781 -0.929268 3.56393 0.66495 0.737325 1.05303 1.003 -0.865308 -0.716829 0.692146 -2.1354 -0.250791 -0.959107 -0.990143 2.33612 2.99313 1.65115 1.5848 1.02594 -0.86389 -0.703044 0.688341 -2.30803 0.0225428 -0.998012 -1.02804 2.48634 3.05829 1.68879 1.6092 1.02445 -0.852563 -0.68903 0.681336 -2.47708 0.290705 -1.03659 -1.0666 2.64196 3.10461 1.72336 1.64083 0.304055 0.146486 0.349399 -0.131671 -4.28744 6.83378 -0.960846 -0.958458 3.8283 1.42287 0.919946 0.681737 -0.214218 0.352835 0.349222 -0.197109 -4.18369 6.59201 -0.987771 -0.965584 3.9393 1.0186 0.826627 0.898738 12 -12 -12 9.02083 -12 12 -2.56567 -2.20431 10.1848 12 1.71085 1.42649 12 -12 -12 8.1511 -12 12 -3.33709 -1.80564 10.6351 12 1.53595 2.12304 0 0 0 -3.12882 0.585869 0.0105227 -0.0468824 -6.1106 0.559218 0.972326 -0.80852 -0.659434 0.660473 -2.80038 0.676589 -1.14549 -1.14843 2.94799 3.16617 1.78824 1.73264 -0.775702 0.556775 0.307725 -0.244498 -2.53194 2.48358 -1.40568 -0.826764 2.44943 0.482261 0.621649 1.02459 1.02594 -0.86389 -0.703044 0.688341 -2.30803 0.0225428 -0.998012 -1.02804 2.48634 3.05829 1.68879 1.6092 1.02445 -0.852563 -0.68903 0.681336 -2.47708 0.290705 -1.03659 -1.0666 2.64196 3.10461 1.72336 1.64083 1.00112 -0.830097 -0.67209 0.670161 -2.67943 0.554183 -1.09185 -1.11393 2.8347 3.14435 1.76181 1.69093 -0.214218 0.352835 0.349222 -0.197109 -4.18369 6.59201 -0.987771 -0.965584 3.9393 1.0186 0.826627 0.898738 -0.603313 0.500679 0.329547 -0.235921 -3.94224 4.14409 -1.20781 -0.929268 3.56393 0.66495 0.737325 1.05303 12 -12 -12 8.1511 -12 12 -3.33709 -1.80564 10.6351 12 1.53595 2.12304 12 -12 -12 8.17536 -12 12 -3.547 -1.7951 10.9742 12 1.55928 2.33112 0 0 0 -3.12991 0.611063 0.00933143 -0.201268 -6.39328 0.137899 0.939051 -0.785732 -0.647762 0.650711 -2.87558 0.74574 -1.20407 -1.17961 3.02621 3.18213 1.81048 1.77184 -0.85639 0.573423 0.282019 -0.242722 -1.53281 1.32951 -1.48922 -0.755259 1.69442 0.354453 0.5086 0.966693 1.02445 -0.852563 -0.68903 0.681336 -2.47708 0.290705 -1.03659 -1.0666 2.64196 3.10461 1.72336 1.64083 1.00112 -0.830097 -0.67209 0.670161 -2.67943 0.554183 -1.09185 -1.11393 2.8347 3.14435 1.76181 1.69093 0.972326 -0.80852 -0.659434 0.660473 -2.80038 0.676589 -1.14549 -1.14843 2.94799 3.16617 1.78824 1.73264 -0.603313 0.500679 0.329547 -0.235921 -3.94224 4.14409 -1.20781 -0.929268 3.56393 0.66495 0.737325 1.05303 -0.775702 0.556775 0.307725 -0.244498 -2.53194 2.48358 -1.40568 -0.826764 2.44943 0.482261 0.621649 1.02459 12 -12 -12 8.17536 -12 12 -3.547 -1.7951 10.9742 12 1.55928 2.33112 12 -12 -12 8.71386 -12 12 -3.33759 -2.25047 11.2595 12 1.73672 2.22966 0 0 0 -3.12929 0.637115 0.00858941 -0.31587 -6.57375 -0.176677 0.904122 -0.762973 -0.637145 0.641212 -2.91865 0.778269 -1.26406 -1.20827 3.08033 3.19393 1.82746 1.80976 -0.877417 0.563675 0.255458 -0.233533 -0.83512 0.542099 -1.49724 -0.690788 1.17145 0.263054 0.376372 0.928728 1.00112 -0.830097 -0.67209 0.670161 -2.67943 0.554183 -1.09185 -1.11393 2.8347 3.14435 1.76181 1.69093 0.972326 -0.80852 -0.659434 0.660473 -2.80038 0.676589 -1.14549 -1.14843 2.94799 3.16617 1.78824 1.73264 0.939051 -0.785732 -0.647762 0.650711 -2.87558 0.74574 -1.20407 -1.17961 3.02621 3.18213 1.81048 1.77184 -0.775702 0.556775 0.307725 -0.244498 -2.53194 2.48358 -1.40568 -0.826764 2.44943 0.482261 0.621649 1.02459 -0.85639 0.573423 0.282019 -0.242722 -1.53281 1.32951 -1.48922 -0.755259 1.69442 0.354453 0.5086 0.966693 12 -12 -12 8.71386 -12 12 -3.33759 -2.25047 11.2595 12 1.73672 2.22966 12 -12 -12 8.58486 -12 12 -3.4501 -2.34478 11.3837 12 1.67741 2.38755 0 0 0 -3.12741 0.663666 0.0083475 -0.352959 -6.67311 -0.391941 0.869366 -0.741046 -0.627584 0.632213 -2.93951 0.786164 -1.32271 -1.23422 3.11766 3.20273 1.8384 1.84534 -0.86004 0.537247 0.229317 -0.219345 -0.356497 0.0181846 -1.44166 -0.624303 0.806598 0.19697 0.207433 0.865506 0.972326 -0.80852 -0.659434 0.660473 -2.80038 0.676589 -1.14549 -1.14843 2.94799 3.16617 1.78824 1.73264 0.939051 -0.785732 -0.647762 0.650711 -2.87558 0.74574 -1.20407 -1.17961 3.02621 3.18213 1.81048 1.77184 0.904122 -0.762973 -0.637145 0.641212 -2.91865 0.778269 -1.26406 -1.20827 3.08033 3.19393 1.82746 1.80976 -0.85639 0.573423 0.282019 -0.242722 -1.53281 1.32951 -1.48922 -0.755259 1.69442 0.354453 0.5086 0.966693 -0.877417 0.563675 0.255458 -0.233533 -0.83512 0.542099 -1.49724 -0.690788 1.17145 0.263054 0.376372 0.928728 12 -12 -12 8.58486 -12 12 -3.4501 -2.34478 11.3837 12 1.67741 2.38755 12 -12 -12 8.41671 -12 12 -3.54459 -2.36701 11.4031 12 1.57452 2.42568 0 0 0 -3.12465 0.690475 0.00870964 -0.326068 -6.72047 -0.521556 0.835938 -0.72044 -0.619034 0.623859 -2.94534 0.777988 -1.37812 -1.25761 3.14325 3.20936 1.84355 1.87769 -0.818773 0.50105 0.204539 -0.202307 -0.0359321 -0.318667 -1.34437 -0.563796 0.551184 0.149024 0.0848815 0.764205 0.939051 -0.785732 -0.647762 0.650711 -2.87558 0.74574 -1.20407 -1.17961 3.02621 3.18213 1.81048 1.77184 0.904122 -0.762973 -0.637145 0.641212 -2.91865 0.778269 -1.26406 -1.20827 3.08033 3.19393 1.82746 1.80976 0.869366 -0.741046 -0.627584 0.632213 -2.93951 0.786164 -1.32271 -1.23422 3.11766 3.20273 1.8384 1.84534 -0.877417 0.563675 0.255458 -0.233533 -0.83512 0.542099 -1.49724 -0.690788 1.17145 0.263054 0.376372 0.928728 -0.86004 0.537247 0.229317 -0.219345 -0.356497 0.0181846 -1.44166 -0.624303 0.806598 0.19697 0.207433 0.865506 12 -12 -12 8.41671 -12 12 -3.54459 -2.36701 11.4031 12 1.57452 2.42568 12 -12 -12 8.29112 -12 12 -3.5483 -2.39087 11.4368 12 1.47777 2.4095 0 0 0 -3.12134 0.71738 0.00973877 -0.245479 -6.73508 -0.595832 0.804537 -0.701417 -0.611434 0.61622 -2.9413 0.759689 -1.42893 -1.27881 3.16063 3.21442 1.84472 1.90575 -0.763515 0.459867 0.181512 -0.184105 0.171653 -0.527463 -1.22597 -0.507095 0.372231 0.114103 -0.00631449 0.671667 0.904122 -0.762973 -0.637145 0.641212 -2.91865 0.778269 -1.26406 -1.20827 3.08033 3.19393 1.82746 1.80976 0.869366 -0.741046 -0.627584 0.632213 -2.93951 0.786164 -1.32271 -1.23422 3.11766 3.20273 1.8384 1.84534 0.835938 -0.72044 -0.619034 0.623859 -2.94534 0.777988 -1.37812 -1.25761 3.14325 3.20936 1.84355 1.87769 -0.86004 0.537247 0.229317 -0.219345 -0.356497 0.0181846 -1.44166 -0.624303 0.806598 0.19697 0.207433 0.865506 -0.818773 0.50105 0.204539 -0.202307 -0.0359321 -0.318667 -1.34437 -0.563796 0.551184 0.149024 0.0848815 0.764205 12 -12 -12 8.29112 -12 12 -3.5483 -2.39087 11.4368 12 1.47777 2.4095 12 -12 -12 8.34311 -12 12 -3.46564 -2.5278 11.4403 12 1.443 2.28793 0 0 0 -3.1176 0.744284 0.0115236 -0.134684 -6.72984 -0.638385 0.775543 -0.684095 -0.604706 0.609315 -2.93103 0.735388 -1.47498 -1.29755 3.17225 3.21832 1.84304 1.93081 -0.701119 0.416925 0.160469 -0.165806 0.299219 -0.646178 -1.10628 -0.446015 0.247274 0.0886547 -0.0568879 0.599965 0.869366 -0.741046 -0.627584 0.632213 -2.93951 0.786164 -1.32271 -1.23422 3.11766 3.20273 1.8384 1.84534 0.835938 -0.72044 -0.619034 0.623859 -2.94534 0.777988 -1.37812 -1.25761 3.14325 3.20936 1.84355 1.87769 0.804537 -0.701417 -0.611434 0.61622 -2.9413 0.759689 -1.42893 -1.27881 3.16063 3.21442 1.84472 1.90575 -0.818773 0.50105 0.204539 -0.202307 -0.0359321 -0.318667 -1.34437 -0.563796 0.551184 0.149024 0.0848815 0.764205 -0.763515 0.459867 0.181512 -0.184105 0.171653 -0.527463 -1.22597 -0.507095 0.372231 0.114103 -0.00631449 0.671667 12 -12 -12 8.34311 -12 12 -3.46564 -2.5278 11.4403 12 1.443 2.28793 12 -12 -12 8.1118 -12 12 -3.57742 -2.40838 11.4383 12 1.32611 2.3569 0 0 0 -3.1125 0.777813 0.014855 0.0300875 -6.70228 -0.654837 0.74292 -0.664844 -0.597403 0.601689 -2.91331 0.700905 -1.52572 -1.31768 3.18131 3.22205 1.83968 1.95832 -0.619937 0.364051 0.136857 -0.14385 0.382047 -0.708297 -0.953376 -0.374237 0.143405 0.0661867 -0.069234 0.518094 0.835938 -0.72044 -0.619034 0.623859 -2.94534 0.777988 -1.37812 -1.25761 3.14325 3.20936 1.84355 1.87769 0.804537 -0.701417 -0.611434 0.61622 -2.9413 0.759689 -1.42893 -1.27881 3.16063 3.21442 1.84472 1.90575 0.775543 -0.684095 -0.604706 0.609315 -2.93103 0.735388 -1.47498 -1.29755 3.17225 3.21832 1.84304 1.93081 -0.763515 0.459867 0.181512 -0.184105 0.171653 -0.527463 -1.22597 -0.507095 0.372231 0.114103 -0.00631449 0.671667 -0.701119 0.416925 0.160469 -0.165806 0.299219 -0.646178 -1.10628 -0.446015 0.247274 0.0886547 -0.0568879 0.599965 12 -12 -12 8.1118 -12 12 -3.57742 -2.40838 11.4383 12 1.32611 2.3569 12 -12 -12 8.09351 -12 12 -3.47507 -2.44914 11.3836 12 1.25915 2.18915 0 0 0 -3.10729 0.803709 0.0209329 0.948343 -6.34347 -0.885899 0.71982 -0.651225 -0.592826 0.596384 -2.89725 0.672436 -1.56556 -1.32977 3.18543 3.22412 1.85456 1.97503 -0.552416 0.326586 0.102024 -0.126369 0.409726 -0.709845 -1.0069 -0.257211 0.0819834 0.0441388 0.553324 0.36032 0.804537 -0.701417 -0.611434 0.61622 -2.9413 0.759689 -1.42893 -1.27881 3.16063 3.21442 1.84472 1.90575 0.775543 -0.684095 -0.604706 0.609315 -2.93103 0.735388 -1.47498 -1.29755 3.17225 3.21832 1.84304 1.93081 0.74292 -0.664844 -0.597403 0.601689 -2.91331 0.700905 -1.52572 -1.31768 3.18131 3.22205 1.83968 1.95832 -0.701119 0.416925 0.160469 -0.165806 0.299219 -0.646178 -1.10628 -0.446015 0.247274 0.0886547 -0.0568879 0.599965 -0.619937 0.364051 0.136857 -0.14385 0.382047 -0.708297 -0.953376 -0.374237 0.143405 0.0661867 -0.069234 0.518094 12 -12 -12 8.09351 -12 12 -3.47507 -2.44914 11.3836 12 1.25915 2.18915 12 -12 -12 7.9965 -12 12 -3.46281 -2.40396 11.3654 12 1.2007 2.12789 0 0 0 -3.10053 0.827942 0.0319926 1.87475 -5.92949 -1.06254 0.699319 -0.639056 -0.589394 0.591699 -2.88071 0.644567 -1.60484 -1.33748 3.18764 3.2255 1.88058 1.98661 -0.489258 0.291017 0.0772482 -0.112037 0.413067 -0.686444 -0.957884 -0.153259 0.0413131 0.0298395 0.664999 0.245668 0.775543 -0.684095 -0.604706 0.609315 -2.93103 0.735388 -1.47498 -1.29755 3.17225 3.21832 1.84304 1.93081 0.74292 -0.664844 -0.597403 0.601689 -2.91331 0.700905 -1.52572 -1.31768 3.18131 3.22205 1.83968 1.95832 0.71982 -0.651225 -0.592826 0.596384 -2.89725 0.672436 -1.56556 -1.32977 3.18543 3.22412 1.85456 1.97503 -0.619937 0.364051 0.136857 -0.14385 0.382047 -0.708297 -0.953376 -0.374237 0.143405 0.0661867 -0.069234 0.518094 -0.552416 0.326586 0.102024 -0.126369 0.409726 -0.709845 -1.0069 -0.257211 0.0819834 0.0441388 0.553324 0.36032 12 -12 -12 7.9965 -12 12 -3.46281 -2.40396 11.3654 12 1.2007 2.12789 12 -12 -12 7.80334 -12 12 -3.45328 -2.28265 11.3664 12 1.14924 2.07307 0 0 0 -3.09235 0.850455 0.0475828 2.63848 -5.53502 -1.1761 0.681203 -0.628263 -0.586708 0.587476 -2.86447 0.618036 -1.64096 -1.34085 3.18872 3.22649 1.90522 1.99432 -0.431917 0.257299 0.0626085 -0.102852 0.400238 -0.647977 -0.869956 -0.0372439 0.0227612 0.0223552 0.584427 0.176566 0.74292 -0.664844 -0.597403 0.601689 -2.91331 0.700905 -1.52572 -1.31768 3.18131 3.22205 1.83968 1.95832 0.71982 -0.651225 -0.592826 0.596384 -2.89725 0.672436 -1.56556 -1.32977 3.18543 3.22412 1.85456 1.97503 0.699319 -0.639056 -0.589394 0.591699 -2.88071 0.644567 -1.60484 -1.33748 3.18764 3.2255 1.88058 1.98661 -0.552416 0.326586 0.102024 -0.126369 0.409726 -0.709845 -1.0069 -0.257211 0.0819834 0.0441388 0.553324 0.36032 -0.489258 0.291017 0.0772482 -0.112037 0.413067 -0.686444 -0.957884 -0.153259 0.0413131 0.0298395 0.664999 0.245668 12 -12 -12 7.80334 -12 12 -3.45328 -2.28265 11.3664 12 1.14924 2.07307 12 -12 -12 7.53935 -12 12 -3.51458 -2.17234 11.3949 12 1.08155 1.99261 0 0 0 -3.0832 0.871449 0.0664551 3.18184 -5.18646 -1.1949 0.665227 -0.618768 -0.584378 0.583509 -2.84901 0.593269 -1.67349 -1.33946 3.18953 3.22731 1.92683 2.00075 -0.380514 0.225861 0.0557736 -0.0981291 0.377163 -0.601008 -0.767219 0.0874245 0.0232143 0.0195764 0.5163 0.152251 0.71982 -0.651225 -0.592826 0.596384 -2.89725 0.672436 -1.56556 -1.32977 3.18543 3.22412 1.85456 1.97503 0.699319 -0.639056 -0.589394 0.591699 -2.88071 0.644567 -1.60484 -1.33748 3.18764 3.2255 1.88058 1.98661 0.681203 -0.628263 -0.586708 0.587476 -2.86447 0.618036 -1.64096 -1.34085 3.18872 3.22649 1.90522 1.99432 -0.489258 0.291017 0.0772482 -0.112037 0.413067 -0.686444 -0.957884 -0.153259 0.0413131 0.0298395 0.664999 0.245668 -0.431917 0.257299 0.0626085 -0.102852 0.400238 -0.647977 -0.869956 -0.0372439 0.0227612 0.0223552 0.584427 0.176566 12 -12 -12 7.53935 -12 12 -3.51458 -2.17234 11.3949 12 1.08155 1.99261 12 -12 -12 6.72713 -12 12 -3.48851 -1.803 11.5876 12 1.05096 2.14498 0 0 0 -3.07333 0.890708 0.0881567 3.72639 -4.75291 -1.1957 0.651187 -0.610446 -0.582314 0.579545 -2.83462 0.570515 -1.69961 -1.33155 3.1909 3.22803 1.94616 2.00663 -0.333861 0.197771 0.0490865 -0.100651 0.349059 -0.5492 -0.574136 0.27112 0.0398921 0.0167354 0.464962 0.149112 0.699319 -0.639056 -0.589394 0.591699 -2.88071 0.644567 -1.60484 -1.33748 3.18764 3.2255 1.88058 1.98661 0.681203 -0.628263 -0.586708 0.587476 -2.86447 0.618036 -1.64096 -1.34085 3.18872 3.22649 1.90522 1.99432 0.665227 -0.618768 -0.584378 0.583509 -2.84901 0.593269 -1.67349 -1.33946 3.18953 3.22731 1.92683 2.00075 -0.431917 0.257299 0.0626085 -0.102852 0.400238 -0.647977 -0.869956 -0.0372439 0.0227612 0.0223552 0.584427 0.176566 -0.380514 0.225861 0.0557736 -0.0981291 0.377163 -0.601008 -0.767219 0.0874245 0.0232143 0.0195764 0.5163 0.152251 12 -12 -12 6.72713 -12 12 -3.48851 -1.803 11.5876 12 1.05096 2.14498 12 -12 -12 5.3032 -12 12 -2.96183 -1.33096 11.9685 12 1.19464 2.22272 0 0 0 -3.06285 0.908071 0.112591 4.25368 -4.31883 -1.18099 0.638897 -0.603171 -0.580495 0.575429 -2.82142 0.549865 -1.71695 -1.31628 3.19273 3.22865 1.96355 2.01266 -0.291877 0.172675 0.0433955 -0.104758 0.31857 -0.496533 -0.344742 0.446124 0.0480459 0.0149862 0.416366 0.147293 0.681203 -0.628263 -0.586708 0.587476 -2.86447 0.618036 -1.64096 -1.34085 3.18872 3.22649 1.90522 1.99432 0.665227 -0.618768 -0.584378 0.583509 -2.84901 0.593269 -1.67349 -1.33946 3.18953 3.22731 1.92683 2.00075 0.651187 -0.610446 -0.582314 0.579545 -2.83462 0.570515 -1.69961 -1.33155 3.1909 3.22803 1.94616 2.00663 -0.380514 0.225861 0.0557736 -0.0981291 0.377163 -0.601008 -0.767219 0.0874245 0.0232143 0.0195764 0.5163 0.152251 -0.333861 0.197771 0.0490865 -0.100651 0.349059 -0.5492 -0.574136 0.27112 0.0398921 0.0167354 0.464962 0.149112 12 -12 -12 5.3032 -12 12 -2.96183 -1.33096 11.9685 12 1.19464 2.22272 12 -12 -12 4.05129 -12 12 -2.61647 -0.951208 12 12 1.31869 2.32523 0 0 0 -3.05565 0.921751 0.134776 3.82601 -2.86836 -0.180242 0.628025 -0.596812 -0.578906 0.571386 -2.80947 0.531359 -1.72043 -1.30616 3.1947 3.22939 1.97644 2.02004 -0.261687 0.151101 0.0385145 -0.0982246 0.287187 -0.442482 0.150008 0.0545836 0.0454754 0.023246 0.185931 0.202385 0.665227 -0.618768 -0.584378 0.583509 -2.84901 0.593269 -1.67349 -1.33946 3.18953 3.22731 1.92683 2.00075 0.651187 -0.610446 -0.582314 0.579545 -2.83462 0.570515 -1.69961 -1.33155 3.1909 3.22803 1.94616 2.00663 0.638897 -0.603171 -0.580495 0.575429 -2.82142 0.549865 -1.71695 -1.31628 3.19273 3.22865 1.96355 2.01266 -0.333861 0.197771 0.0490865 -0.100651 0.349059 -0.5492 -0.574136 0.27112 0.0398921 0.0167354 0.464962 0.149112 -0.291877 0.172675 0.0433955 -0.104758 0.31857 -0.496533 -0.344742 0.446124 0.0480459 0.0149862 0.416366 0.147293 12 -12 -12 4.05129 -12 12 -2.61647 -0.951208 12 12 1.31869 2.32523 12 -12 -12 3.07545 -12 12 -2.41016 -0.846388 11.9688 12 1.3661 2.29901 0 0 0 -3.05625 0.93012 0.147608 3.0608 -1.65237 0.641324 0.61825 -0.591291 -0.577328 0.567511 -2.79867 0.514865 -1.70119 -1.31135 3.19596 3.23061 1.97463 2.02774 -0.233756 0.130298 0.0400824 -0.0966131 0.259587 -0.394939 0.626462 -0.210762 0.0215428 0.0334708 -0.144313 0.199446 0.651187 -0.610446 -0.582314 0.579545 -2.83462 0.570515 -1.69961 -1.33155 3.1909 3.22803 1.94616 2.00663 0.638897 -0.603171 -0.580495 0.575429 -2.82142 0.549865 -1.71695 -1.31628 3.19273 3.22865 1.96355 2.01266 0.628025 -0.596812 -0.578906 0.571386 -2.80947 0.531359 -1.72043 -1.30616 3.1947 3.22939 1.97644 2.02004 -0.291877 0.172675 0.0433955 -0.104758 0.31857 -0.496533 -0.344742 0.446124 0.0480459 0.0149862 0.416366 0.147293 -0.261687 0.151101 0.0385145 -0.0982246 0.287187 -0.442482 0.150008 0.0545836 0.0454754 0.023246 0.185931 0.202385 12 -12 -12 3.07545 -12 12 -2.41016 -0.846388 11.9688 12 1.3661 2.29901 12 -12 -12 1.44173 -12 12 -1.79763 -0.573277 11.63 12 1.76923 2.41202 0 0 0 -3.06097 0.935296 0.15464 2.5091 -0.93132 0.998433 0.609612 -0.586565 -0.575694 0.563666 -2.78896 0.500159 -1.67096 -1.32261 3.19614 3.23203 1.96558 2.03637 -0.205413 0.111047 0.0412391 -0.0952928 0.233049 -0.351714 0.801991 -0.309986 -0.00734103 0.0360451 -0.273473 0.223608 0.638897 -0.603171 -0.580495 0.575429 -2.82142 0.549865 -1.71695 -1.31628 3.19273 3.22865 1.96355 2.01266 0.628025 -0.596812 -0.578906 0.571386 -2.80947 0.531359 -1.72043 -1.30616 3.1947 3.22939 1.97644 2.02004 0.61825 -0.591291 -0.577328 0.567511 -2.79867 0.514865 -1.70119 -1.31135 3.19596 3.23061 1.97463 2.02774 -0.261687 0.151101 0.0385145 -0.0982246 0.287187 -0.442482 0.150008 0.0545836 0.0454754 0.023246 0.185931 0.202385 -0.233756 0.130298 0.0400824 -0.0966131 0.259587 -0.394939 0.626462 -0.210762 0.0215428 0.0334708 -0.144313 0.199446 12 -12 -12 1.44173 -12 12 -1.79763 -0.573277 11.63 12 1.76923 2.41202 12 -12 -12 1.30206 -12 12 -2.1418 -0.358126 11.5015 12 1.61467 2.55728 0 0 0 -3.06759 0.938482 0.158223 2.07419 -0.485961 1.12634 0.602071 -0.58256 -0.574037 0.559978 -2.78028 0.487099 -1.63815 -1.33562 3.19522 3.23343 1.95187 2.04446 -0.178613 0.0938645 0.0413326 -0.0889417 0.20726 -0.311807 0.81398 -0.327556 -0.0313469 0.034249 -0.414778 0.1587 0.628025 -0.596812 -0.578906 0.571386 -2.80947 0.531359 -1.72043 -1.30616 3.1947 3.22939 1.97644 2.02004 0.61825 -0.591291 -0.577328 0.567511 -2.79867 0.514865 -1.70119 -1.31135 3.19596 3.23061 1.97463 2.02774 0.609612 -0.586565 -0.575694 0.563666 -2.78896 0.500159 -1.67096 -1.32261 3.19614 3.23203 1.96558 2.03637 -0.233756 0.130298 0.0400824 -0.0966131 0.259587 -0.394939 0.626462 -0.210762 0.0215428 0.0334708 -0.144313 0.199446 -0.205413 0.111047 0.0412391 -0.0952928 0.233049 -0.351714 0.801991 -0.309986 -0.00734103 0.0360451 -0.273473 0.223608 12 -12 -12 1.30206 -12 12 -2.1418 -0.358126 11.5015 12 1.61467 2.55728 12 -12 -11.8261 1.64961 -12 12 -2.56402 -0.333708 11.2951 12 1.33814 2.54585 0 0 0 -3.07489 0.94045 0.159716 1.71463 -0.237803 1.14129 0.595548 -0.579185 -0.572402 0.55671 -2.77261 0.475551 -1.60769 -1.34832 3.19361 3.23471 1.93183 2.04737 -0.154081 0.0789537 0.0405579 -0.0756612 0.182734 -0.27533 0.714136 -0.30846 -0.0439328 0.0308287 -0.559315 -0.00215496 0.61825 -0.591291 -0.577328 0.567511 -2.79867 0.514865 -1.70119 -1.31135 3.19596 3.23061 1.97463 2.02774 0.609612 -0.586565 -0.575694 0.563666 -2.78896 0.500159 -1.67096 -1.32261 3.19614 3.23203 1.96558 2.03637 0.602071 -0.58256 -0.574037 0.559978 -2.78028 0.487099 -1.63815 -1.33562 3.19522 3.23343 1.95187 2.04446 -0.205413 0.111047 0.0412391 -0.0952928 0.233049 -0.351714 0.801991 -0.309986 -0.00734103 0.0360451 -0.273473 0.223608 -0.178613 0.0938645 0.0413326 -0.0889417 0.20726 -0.311807 0.81398 -0.327556 -0.0313469 0.034249 -0.414778 0.1587 12 -12 -11.8261 1.64961 -12 12 -2.56402 -0.333708 11.2951 12 1.33814 2.54585 12 -12 -12 2.73734 -12 12 -3.0068 -0.755282 11.2696 12 0.794008 2.1396 0 0 0 -3.08227 0.941762 0.159819 1.4046 -0.115816 1.11338 0.58994 -0.576349 -0.570815 0.554075 -2.76587 0.465376 -1.58299 -1.35978 3.1917 3.23586 1.90754 2.04315 -0.13217 0.0663509 0.0390662 -0.0589759 0.160043 -0.242278 0.552019 -0.272635 -0.0505862 0.0272155 -0.632771 -0.180508 0.609612 -0.586565 -0.575694 0.563666 -2.78896 0.500159 -1.67096 -1.32261 3.19614 3.23203 1.96558 2.03637 0.602071 -0.58256 -0.574037 0.559978 -2.78028 0.487099 -1.63815 -1.33562 3.19522 3.23343 1.95187 2.04446 0.595548 -0.579185 -0.572402 0.55671 -2.77261 0.475551 -1.60769 -1.34832 3.19361 3.23471 1.93183 2.04737 -0.178613 0.0938645 0.0413326 -0.0889417 0.20726 -0.311807 0.81398 -0.327556 -0.0313469 0.034249 -0.414778 0.1587 -0.154081 0.0789537 0.0405579 -0.0756612 0.182734 -0.27533 0.714136 -0.30846 -0.0439328 0.0308287 -0.559315 -0.00215496 12 -12 -12 2.73734 -12 12 -3.0068 -0.755282 11.2696 12 0.794008 2.1396 12 -12 -12 4.36308 -12 12 -3.43896 -1.28742 11.3151 12 0.452412 1.75917 0 0 0 -3.08951 0.942851 0.159027 1.21906 -0.0967867 1.0833 0.585153 -0.573958 -0.569323 0.552267 -2.76 0.456437 -1.56597 -1.36997 3.18943 3.23686 1.88413 2.03095 -0.112311 0.0562194 0.0356129 -0.0358688 0.13942 -0.212566 0.347172 -0.246736 -0.0614055 0.0235499 -0.477351 -0.374994 0.602071 -0.58256 -0.574037 0.559978 -2.78028 0.487099 -1.63815 -1.33562 3.19522 3.23343 1.95187 2.04446 0.595548 -0.579185 -0.572402 0.55671 -2.77261 0.475551 -1.60769 -1.34832 3.19361 3.23471 1.93183 2.04737 0.58994 -0.576349 -0.570815 0.554075 -2.76587 0.465376 -1.58299 -1.35978 3.1917 3.23586 1.90754 2.04315 -0.154081 0.0789537 0.0405579 -0.0756612 0.182734 -0.27533 0.714136 -0.30846 -0.0439328 0.0308287 -0.559315 -0.00215496 -0.13217 0.0663509 0.0390662 -0.0589759 0.160043 -0.242278 0.552019 -0.272635 -0.0505862 0.0272155 -0.632771 -0.180508 12 -12 -12 4.36308 -12 12 -3.43896 -1.28742 11.3151 12 0.452412 1.75917 12 -12 -12 6.06082 -12 12 -3.7803 -1.92015 11.2165 12 0.24998 1.38528 0 0 0 -3.09658 0.943871 0.158117 1.21058 -0.0815228 1.05976 0.581114 -0.571912 -0.568027 0.551353 -2.75488 0.448618 -1.55561 -1.37944 3.18677 3.23769 1.87116 2.01248 -0.094443 0.0483252 0.0305067 -0.0157684 0.121097 -0.185561 0.219122 -0.231869 -0.0685985 0.0191489 -0.251552 -0.522134 0.595548 -0.579185 -0.572402 0.55671 -2.77261 0.475551 -1.60769 -1.34832 3.19361 3.23471 1.93183 2.04737 0.58994 -0.576349 -0.570815 0.554075 -2.76587 0.465376 -1.58299 -1.35978 3.1917 3.23586 1.90754 2.04315 0.585153 -0.573958 -0.569323 0.552267 -2.76 0.456437 -1.56597 -1.36997 3.18943 3.23686 1.88413 2.03095 -0.13217 0.0663509 0.0390662 -0.0589759 0.160043 -0.242278 0.552019 -0.272635 -0.0505862 0.0272155 -0.632771 -0.180508 -0.112311 0.0562194 0.0356129 -0.0358688 0.13942 -0.212566 0.347172 -0.246736 -0.0614055 0.0235499 -0.477351 -0.374994 12 -12 -12 6.06082 -12 12 -3.7803 -1.92015 11.2165 12 0.24998 1.38528 12 -12 -12 7.74057 -12 12 -3.92208 -2.54848 11.0971 12 0.197268 1.16538 0 0 0 -3.10552 0.944624 0.15646 1.0467 0.106468 1.0656 0.576926 -0.569773 -0.566807 0.551391 -2.74945 0.440275 -1.54635 -1.39037 3.18317 3.2385 1.86305 1.99912 -0.0772379 0.0393635 0.0208516 0.0099842 0.100948 -0.154885 0.1766 -0.205145 -0.0761956 0.0141967 -0.119866 -0.148939 0.58994 -0.576349 -0.570815 0.554075 -2.76587 0.465376 -1.58299 -1.35978 3.1917 3.23586 1.90754 2.04315 0.585153 -0.573958 -0.569323 0.552267 -2.76 0.456437 -1.56597 -1.36997 3.18943 3.23686 1.88413 2.03095 0.581114 -0.571912 -0.568027 0.551353 -2.75488 0.448618 -1.55561 -1.37944 3.18677 3.23769 1.87116 2.01248 -0.112311 0.0562194 0.0356129 -0.0358688 0.13942 -0.212566 0.347172 -0.246736 -0.0614055 0.0235499 -0.477351 -0.374994 -0.094443 0.0483252 0.0305067 -0.0157684 0.121097 -0.185561 0.219122 -0.231869 -0.0685985 0.0191489 -0.251552 -0.522134 12 -12 -12 7.74057 -12 12 -3.92208 -2.54848 11.0971 12 0.197268 1.16538 12 -12 -12 8.97971 -12 12 -3.43802 -2.88105 11.1099 12 0.334246 0.891968 0 0 0 -3.11294 0.944407 0.15434 0.932951 0.291742 1.06072 0.57413 -0.568347 -0.566086 0.552062 -2.74576 0.434621 -1.53928 -1.39776 3.17985 3.23898 1.85946 1.99649 -0.0657058 0.0335751 0.0168214 0.0196406 0.0873272 -0.133583 0.180066 -0.171182 -0.0904235 0.0108642 -0.0757769 -0.028549 0.585153 -0.573958 -0.569323 0.552267 -2.76 0.456437 -1.56597 -1.36997 3.18943 3.23686 1.88413 2.03095 0.581114 -0.571912 -0.568027 0.551353 -2.75488 0.448618 -1.55561 -1.37944 3.18677 3.23769 1.87116 2.01248 0.576926 -0.569773 -0.566807 0.551391 -2.74945 0.440275 -1.54635 -1.39037 3.18317 3.2385 1.86305 1.99912 -0.094443 0.0483252 0.0305067 -0.0157684 0.121097 -0.185561 0.219122 -0.231869 -0.0685985 0.0191489 -0.251552 -0.522134 -0.0772379 0.0393635 0.0208516 0.0099842 0.100948 -0.154885 0.1766 -0.205145 -0.0761956 0.0141967 -0.119866 -0.148939 12 -12 -12 8.97971 -12 12 -3.43802 -2.88105 11.1099 12 0.334246 0.891968 12 -12 -12 9.87132 -12 12 -2.90502 -2.72816 10.9212 12 0.526067 0.674747 0 0 0 -3.12041 0.943454 0.151797 0.846126 0.467344 1.03616 0.571755 -0.567127 -0.565462 0.552941 -2.74256 0.429749 -1.53168 -1.40365 3.17575 3.23934 1.85696 1.99674 -0.0557469 0.028717 0.01505 0.0228066 0.0755245 -0.115038 0.196655 -0.132757 -0.110912 0.00812127 -0.0569069 0.0206691 0.581114 -0.571912 -0.568027 0.551353 -2.75488 0.448618 -1.55561 -1.37944 3.18677 3.23769 1.87116 2.01248 0.576926 -0.569773 -0.566807 0.551391 -2.74945 0.440275 -1.54635 -1.39037 3.18317 3.2385 1.86305 1.99912 0.57413 -0.568347 -0.566086 0.552062 -2.74576 0.434621 -1.53928 -1.39776 3.17985 3.23898 1.85946 1.99649 -0.0772379 0.0393635 0.0208516 0.0099842 0.100948 -0.154885 0.1766 -0.205145 -0.0761956 0.0141967 -0.119866 -0.148939 -0.0657058 0.0335751 0.0168214 0.0196406 0.0873272 -0.133583 0.180066 -0.171182 -0.0904235 0.0108642 -0.0757769 -0.028549 12 -12 -12 9.87132 -12 12 -2.90502 -2.72816 10.9212 12 0.526067 0.674747 12 -12 -12 10.3918 -12 12 -2.64961 -2.43019 10.6213 12 0.692412 0.675093 0 0 0 -3.12784 0.941852 0.148981 0.771014 0.609736 1.01018 0.569744 -0.566085 -0.564875 0.55385 -2.73981 0.425555 -1.52353 -1.40809 3.17086 3.23962 1.85484 1.99802 -0.0471485 0.0245398 0.0145896 0.0223747 0.0651551 -0.0990692 0.206242 -0.0985641 -0.128247 0.00627495 -0.0517828 0.0362202 0.576926 -0.569773 -0.566807 0.551391 -2.74945 0.440275 -1.54635 -1.39037 3.18317 3.2385 1.86305 1.99912 0.57413 -0.568347 -0.566086 0.552062 -2.74576 0.434621 -1.53928 -1.39776 3.17985 3.23898 1.85946 1.99649 0.571755 -0.567127 -0.565462 0.552941 -2.74256 0.429749 -1.53168 -1.40365 3.17575 3.23934 1.85696 1.99674 -0.0657058 0.0335751 0.0168214 0.0196406 0.0873272 -0.133583 0.180066 -0.171182 -0.0904235 0.0108642 -0.0757769 -0.028549 -0.0557469 0.028717 0.01505 0.0228066 0.0755245 -0.115038 0.196655 -0.132757 -0.110912 0.00812127 -0.0569069 0.0206691 12 -12 -12 10.3918 -12 12 -2.64961 -2.43019 10.6213 12 0.692412 0.675093 12 -12 -12 10.3652 -12 11.562 -2.67458 -2.35234 10.4089 12 0.592987 0.688919 0 0 0 -3.13705 0.939123 0.145101 0.672498 0.752224 0.983576 0.567663 -0.564994 -0.564151 0.554903 -2.73689 0.421121 -1.51301 -1.41176 3.16418 3.23989 1.8523 1.99981 -0.0381686 0.0201002 0.0143934 0.0200341 0.0540317 -0.0821985 0.211638 -0.0574455 -0.13509 0.00494448 -0.0508056 0.0337089 0.57413 -0.568347 -0.566086 0.552062 -2.74576 0.434621 -1.53928 -1.39776 3.17985 3.23898 1.85946 1.99649 0.571755 -0.567127 -0.565462 0.552941 -2.74256 0.429749 -1.53168 -1.40365 3.17575 3.23934 1.85696 1.99674 0.569744 -0.566085 -0.564875 0.55385 -2.73981 0.425555 -1.52353 -1.40809 3.17086 3.23962 1.85484 1.99802 -0.0557469 0.028717 0.01505 0.0228066 0.0755245 -0.115038 0.196655 -0.132757 -0.110912 0.00812127 -0.0569069 0.0206691 -0.0471485 0.0245398 0.0145896 0.0223747 0.0651551 -0.0990692 0.206242 -0.0985641 -0.128247 0.00627495 -0.0517828 0.0362202 12 -12 -12 10.3652 -12 11.562 -2.67458 -2.35234 10.4089 12 0.592987 0.688919 12 -12 -12 10.182 -12 11.5608 -2.79352 -2.48156 10.3369 12 0.421237 0.626908 0 0 0 3.13703 0.935767 0.140849 0.585289 0.853826 0.961531 0.565983 -0.564102 -0.563447 0.555819 -2.73447 0.41744 -1.50237 -1.41349 3.15766 3.24011 1.84975 2.00118 -0.0307058 0.0164385 0.0138408 0.0170433 0.04475 -0.0682758 0.213137 -0.0232357 -0.124095 0.00433867 -0.051049 0.0231744 0.571755 -0.567127 -0.565462 0.552941 -2.74256 0.429749 -1.53168 -1.40365 3.17575 3.23934 1.85696 1.99674 0.569744 -0.566085 -0.564875 0.55385 -2.73981 0.425555 -1.52353 -1.40809 3.17086 3.23962 1.85484 1.99802 0.567663 -0.564994 -0.564151 0.554903 -2.73689 0.421121 -1.51301 -1.41176 3.16418 3.23989 1.8523 1.99981 -0.0471485 0.0245398 0.0145896 0.0223747 0.0651551 -0.0990692 0.206242 -0.0985641 -0.128247 0.00627495 -0.0517828 0.0362202 -0.0381686 0.0201002 0.0143934 0.0200341 0.0540317 -0.0821985 0.211638 -0.0574455 -0.13509 0.00494448 -0.0508056 0.0337089 12 -12 -12 10.182 -12 11.5608 -2.79352 -2.48156 10.3369 12 0.421237 0.626908 12 -12 -12 10.0469 -12 11.5924 -2.94031 -2.61573 10.3358 12 0.217701 0.569322 0 0 0 3.12811 0.931956 0.136371 0.506104 0.935197 0.935331 0.564635 -0.563373 -0.56278 0.556579 -2.73247 0.414382 -1.49171 -1.41383 3.15187 3.24032 1.84727 2.00196 -0.0246835 0.0134406 0.0129487 0.0141081 0.0370311 -0.0566662 0.213416 0.00656507 -0.113383 0.00385464 -0.047909 0.00982228 0.569744 -0.566085 -0.564875 0.55385 -2.73981 0.425555 -1.52353 -1.40809 3.17086 3.23962 1.85484 1.99802 0.567663 -0.564994 -0.564151 0.554903 -2.73689 0.421121 -1.51301 -1.41176 3.16418 3.23989 1.8523 1.99981 0.565983 -0.564102 -0.563447 0.555819 -2.73447 0.41744 -1.50237 -1.41349 3.15766 3.24011 1.84975 2.00118 -0.0381686 0.0201002 0.0143934 0.0200341 0.0540317 -0.0821985 0.211638 -0.0574455 -0.13509 0.00494448 -0.0508056 0.0337089 -0.0307058 0.0164385 0.0138408 0.0170433 0.04475 -0.0682758 0.213137 -0.0232357 -0.124095 0.00433867 -0.051049 0.0231744 12 -12 -12 10.0469 -12 11.5924 -2.94031 -2.61573 10.3358 12 0.217701 0.569322 12 -12 -12 9.96169 -12 11.742 -3.16115 -2.77415 10.4866 12 -0.0690777 0.52575 0 0 0 3.12112 0.928581 0.132625 0.437349 0.999718 0.911622 0.563747 -0.562886 -0.562285 0.557094 -2.73112 0.412317 -1.48316 -1.41286 3.14746 3.24046 1.84546 2.00205 -0.0207873 0.0114137 0.0120101 0.0121892 0.0318064 -0.0487391 0.213792 0.0348931 -0.107441 0.00346067 -0.0440377 -0.00256541 0.567663 -0.564994 -0.564151 0.554903 -2.73689 0.421121 -1.51301 -1.41176 3.16418 3.23989 1.8523 1.99981 0.565983 -0.564102 -0.563447 0.555819 -2.73447 0.41744 -1.50237 -1.41349 3.15766 3.24011 1.84975 2.00118 0.564635 -0.563373 -0.56278 0.556579 -2.73247 0.414382 -1.49171 -1.41383 3.15187 3.24032 1.84727 2.00196 -0.0307058 0.0164385 0.0138408 0.0170433 0.04475 -0.0682758 0.213137 -0.0232357 -0.124095 0.00433867 -0.051049 0.0231744 -0.0246835 0.0134406 0.0129487 0.0141081 0.0370311 -0.0566662 0.213416 0.00656507 -0.113383 0.00385464 -0.047909 0.00982228 12 -12 -12 9.96169 -12 11.742 -3.16115 -2.77415 10.4866 12 -0.0690777 0.52575 12 -12 -12 9.93479 -12 11.2289 -3.07416 -2.6858 10.3124 12 0.0339413 0.524089 0 0 0 3.11432 0.924952 0.128783 0.381361 1.04796 0.882589 0.563002 -0.562474 -0.56183 0.557535 -2.72997 0.41054 -1.47464 -1.41093 3.14341 3.24059 1.84378 2.00167 -0.0173911 0.00971104 0.0110103 0.0102308 0.0273597 -0.0419744 0.212128 0.0531677 -0.0968356 0.0032029 -0.0407824 -0.0127268 0.565983 -0.564102 -0.563447 0.555819 -2.73447 0.41744 -1.50237 -1.41349 3.15766 3.24011 1.84975 2.00118 0.564635 -0.563373 -0.56278 0.556579 -2.73247 0.414382 -1.49171 -1.41383 3.15187 3.24032 1.84727 2.00196 0.563747 -0.562886 -0.562285 0.557094 -2.73112 0.412317 -1.48316 -1.41286 3.14746 3.24046 1.84546 2.00205 -0.0246835 0.0134406 0.0129487 0.0141081 0.0370311 -0.0566662 0.213416 0.00656507 -0.113383 0.00385464 -0.047909 0.00982228 -0.0207873 0.0114137 0.0120101 0.0121892 0.0318064 -0.0487391 0.213792 0.0348931 -0.107441 0.00346067 -0.0440377 -0.00256541 12 -12 -12 9.93479 -12 11.2289 -3.07416 -2.6858 10.3124 12 0.0339413 0.524089 12 -12 -12 9.98327 -12 11.1402 -3.13423 -2.64399 10.3582 12 -0.0492032 0.542772 0 0 0 3.10776 0.921152 0.124979 0.344081 1.07739 0.847752 0.562382 -0.562121 -0.561414 0.557894 -2.72897 0.409008 -1.46625 -1.40862 3.13982 3.24072 1.84223 2.00098 -0.0144216 0.00829492 0.0100155 0.00823126 0.0235742 -0.0362146 0.207864 0.0591593 -0.0859136 0.0030445 -0.0375232 -0.0196509 0.564635 -0.563373 -0.56278 0.556579 -2.73247 0.414382 -1.49171 -1.41383 3.15187 3.24032 1.84727 2.00196 0.563747 -0.562886 -0.562285 0.557094 -2.73112 0.412317 -1.48316 -1.41286 3.14746 3.24046 1.84546 2.00205 0.563002 -0.562474 -0.56183 0.557535 -2.72997 0.41054 -1.47464 -1.41093 3.14341 3.24059 1.84378 2.00167 -0.0207873 0.0114137 0.0120101 0.0121892 0.0318064 -0.0487391 0.213792 0.0348931 -0.107441 0.00346067 -0.0440377 -0.00256541 -0.0173911 0.00971104 0.0110103 0.0102308 0.0273597 -0.0419744 0.212128 0.0531677 -0.0968356 0.0032029 -0.0407824 -0.0127268 12 -12 -12 9.98327 -12 11.1402 -3.13423 -2.64399 10.3582 12 -0.0492032 0.542772 12 -12 -12 9.88463 -12 11.1484 -3.27995 -2.74195 10.4105 12 -0.241095 0.507136 0 0 0 3.10149 0.917244 0.12131 0.322576 1.08634 0.806423 0.56187 -0.56182 -0.561037 0.558175 -2.72811 0.407685 -1.45811 -1.40634 3.13671 3.24084 1.84083 2.00007 -0.01182 0.00709116 0.00909257 0.00629765 0.0203795 -0.0313445 0.199819 0.0524429 -0.0703335 0.00304489 -0.0337995 -0.0244513 0.563747 -0.562886 -0.562285 0.557094 -2.73112 0.412317 -1.48316 -1.41286 3.14746 3.24046 1.84546 2.00205 0.563002 -0.562474 -0.56183 0.557535 -2.72997 0.41054 -1.47464 -1.41093 3.14341 3.24059 1.84378 2.00167 0.562382 -0.562121 -0.561414 0.557894 -2.72897 0.409008 -1.46625 -1.40862 3.13982 3.24072 1.84223 2.00098 -0.0173911 0.00971104 0.0110103 0.0102308 0.0273597 -0.0419744 0.212128 0.0531677 -0.0968356 0.0032029 -0.0407824 -0.0127268 -0.0144216 0.00829492 0.0100155 0.00823126 0.0235742 -0.0362146 0.207864 0.0591593 -0.0859136 0.0030445 -0.0375232 -0.0196509 12 -12 -12 9.88463 -12 11.1484 -3.27995 -2.74195 10.4105 12 -0.241095 0.507136 12 -12 -12 9.82405 -12 11.0526 -3.36466 -2.79184 10.396 12 -0.365177 0.472168 0 0 0 3.09414 0.912348 0.117027 0.301624 1.06872 0.753384 0.561363 -0.561506 -0.560623 0.558443 -2.72719 0.406272 -1.44858 -1.40409 3.13413 3.241 1.83931 1.99867 -0.00908183 0.00575702 0.00768712 0.00488383 0.0170887 -0.0263507 0.18358 0.039551 -0.036144 0.00349399 -0.0280808 -0.0294683 0.563002 -0.562474 -0.56183 0.557535 -2.72997 0.41054 -1.47464 -1.41093 3.14341 3.24059 1.84378 2.00167 0.562382 -0.562121 -0.561414 0.557894 -2.72897 0.409008 -1.46625 -1.40862 3.13982 3.24072 1.84223 2.00098 0.56187 -0.56182 -0.561037 0.558175 -2.72811 0.407685 -1.45811 -1.40634 3.13671 3.24084 1.84083 2.00007 -0.0144216 0.00829492 0.0100155 0.00823126 0.0235742 -0.0362146 0.207864 0.0591593 -0.0859136 0.0030445 -0.0375232 -0.0196509 -0.01182 0.00709116 0.00909257 0.00629765 0.0203795 -0.0313445 0.199819 0.0524429 -0.0703335 0.00304489 -0.0337995 -0.0244513 12 -12 -12 9.82405 -12 11.0526 -3.36466 -2.79184 10.396 12 -0.365177 0.472168 12 -12 -12 9.68896 -12 11.2165 -3.62613 -2.94075 10.5812 12 -0.69051 0.405894 0 0 0 3.08864 0.908515 0.113885 0.302139 1.03468 0.711944 0.561049 -0.561299 -0.560352 0.558624 -2.72656 0.405302 -1.44159 -1.40284 3.13367 3.24115 1.83829 1.99754 -0.00715173 0.00487377 0.00618983 0.0043785 0.014969 -0.0230788 0.169354 0.0252826 0.00532103 0.00405775 -0.0243654 -0.0265527 0.562382 -0.562121 -0.561414 0.557894 -2.72897 0.409008 -1.46625 -1.40862 3.13982 3.24072 1.84223 2.00098 0.56187 -0.56182 -0.561037 0.558175 -2.72811 0.407685 -1.45811 -1.40634 3.13671 3.24084 1.84083 2.00007 0.561363 -0.561506 -0.560623 0.558443 -2.72719 0.406272 -1.44858 -1.40409 3.13413 3.241 1.83931 1.99867 -0.01182 0.00709116 0.00909257 0.00629765 0.0203795 -0.0313445 0.199819 0.0524429 -0.0703335 0.00304489 -0.0337995 -0.0244513 -0.00908183 0.00575702 0.00768712 0.00488383 0.0170887 -0.0263507 0.18358 0.039551 -0.036144 0.00349399 -0.0280808 -0.0294683 12 -12 -12 9.68896 -12 11.2165 -3.62613 -2.94075 10.5812 12 -0.69051 0.405894 12 -12 -12 9.48648 -12 11.5276 -3.97278 -3.17612 10.8746 12 -1.12798 0.301836 0 0 0 3.08346 0.904792 0.111019 0.303775 1.00262 0.674909 0.560801 -0.561123 -0.560143 0.5588 -2.72601 0.404452 -1.43514 -1.40212 3.13478 3.24132 1.83747 1.99664 -0.00561454 0.0041179 0.00455192 0.00447151 0.0131161 -0.020187 0.157061 0.0131952 0.0442195 0.00446237 -0.0190915 -0.0196146 0.56187 -0.56182 -0.561037 0.558175 -2.72811 0.407685 -1.45811 -1.40634 3.13671 3.24084 1.84083 2.00007 0.561363 -0.561506 -0.560623 0.558443 -2.72719 0.406272 -1.44858 -1.40409 3.13413 3.241 1.83931 1.99867 0.561049 -0.561299 -0.560352 0.558624 -2.72656 0.405302 -1.44159 -1.40284 3.13367 3.24115 1.83829 1.99754 -0.00908183 0.00575702 0.00768712 0.00488383 0.0170887 -0.0263507 0.18358 0.039551 -0.036144 0.00349399 -0.0280808 -0.0294683 -0.00715173 0.00487377 0.00618983 0.0043785 0.014969 -0.0230788 0.169354 0.0252826 0.00532103 0.00405775 -0.0243654 -0.0265527 12 -12 -12 9.48648 -12 11.5276 -3.97278 -3.17612 10.8746 12 -1.12798 0.301836 12 -12 -12 9.23723 -12 11.9719 -4.30663 -3.44809 11.2712 12 -1.61364 0.15419
