cmd 0 0 0
base_rpy -3.11631 0.00787104 -0.00178818
projected_gravity -0.00787096 0.00178812 -0.999967
body_omega -0.873013 -0.948762 -0.0781345
base_acc -9.01704 -2.7365 9.4332
omega_world -0.896097 -0.926539 -0.0833069
base_quat_wxyz 0.999912 -0.000943766 -0.00392389 -0.0126463
base_rot_mat 0.999649 0.0252978 -0.00782322 -0.0252829 0.999678 0.00198661 0.00787096 -0.00178812 0.999967
joint_pos_policy -0.0169234 0.0144708 -0.0264351 0.0251844 -0.76752 -0.768343 -0.770746 -0.768118 1.53592 1.53378 1.5723 1.55349
joint_vel_policy -0.0960959 -0.101135 -0.285067 0.176968 -0.0319891 -0.000180557 -0.302391 -0.0569164 -0.110741 -0.167963 1.561 0.43867
obs_contract cmd:3 base_rpy:3 body_omega:3 joint_pos:12 joint_vel:12 joint_pos_history:36 joint_vel_history:24 action_history:24
parity_build_id 2026-02-16-rpy-from-quat-history-abs-noise0-quat-fallback-rpy-actionhist-zero-delay1-rpy-step0-pi-canonical-neg
base_rpy_mode legacy_xyzw_from_rotmat_step0_pi_canonical_neg
history_frame_push_mode single_first_step
action_history_mode training_parity_zero_seed_delay1
history_seed_file_loaded 0
history_seed_file_used 0
history_seed_file_path none
joint_pos_history -0.0154456 0.0160288 -0.0222097 0.0225225 -0.767019 -0.768334 -0.765859 -0.767202 1.5376 1.53635 1.54786 1.54677 -0.0154456 0.0160288 -0.0222097 0.0225225 -0.767019 -0.768334 -0.765859 -0.767202 1.5376 1.53635 1.54786 1.54677 -0.0154456 0.0160288 -0.0222097 0.0225225 -0.767019 -0.768334 -0.765859 -0.767202 1.5376 1.53635 1.54786 1.54677
pos_hist -0.0154456 0.0160288 -0.0222097 0.0225225 -0.767019 -0.768334 -0.765859 -0.767202 1.5376 1.53635 1.54786 1.54677 -0.0154456 0.0160288 -0.0222097 0.0225225 -0.767019 -0.768334 -0.765859 -0.767202 1.5376 1.53635 1.54786 1.54677 -0.0154456 0.0160288 -0.0222097 0.0225225 -0.767019 -0.768334 -0.765859 -0.767202 1.5376 1.53635 1.54786 1.54677
joint_vel_history -4.81955e-05 4.67627e-05 -8.06083e-05 8.2291e-05 -3.73523e-05 -3.90167e-05 -5.99391e-06 -9.74351e-06 -3.02658e-06 -3.71957e-06 -2.61505e-05 -2.8804e-05 -4.81955e-05 4.67627e-05 -8.06083e-05 8.2291e-05 -3.73523e-05 -3.90167e-05 -5.99391e-06 -9.74351e-06 -3.02658e-06 -3.71957e-06 -2.61505e-05 -2.8804e-05
vel_hist -4.81955e-05 4.67627e-05 -8.06083e-05 8.2291e-05 -3.73523e-05 -3.90167e-05 -5.99391e-06 -9.74351e-06 -3.02658e-06 -3.71957e-06 -2.61505e-05 -2.8804e-05 -4.81955e-05 4.67627e-05 -8.06083e-05 8.2291e-05 -3.73523e-05 -3.90167e-05 -5.99391e-06 -9.74351e-06 -3.02658e-06 -3.71957e-06 -2.61505e-05 -2.8804e-05
action_history 0 0 0 0 0 0 0 0 0 0 0 0 0 0 0 0 0 0 0 0 0 0 0 0
tgt_hist 0 0 0 0 0 0 0 0 0 0 0 0 0 0 0 0 0 0 0 0 0 0 0 0
action_raw 1.77595 -4.47451 -6.3893 11.0421 -0.242811 -2.68182 2.57278 3.25084 -12 -12 6.25117 1.63008
action_offset 0.443987 -1.11863 -1.59733 2.76052 -0.0607028 -0.670455 0.643195 0.812711 -3 -3 1.56279 0.407519
target_joint_pos_policy 0.428582 -1.10264 -1.61946 2.78296 -0.827673 -1.43874 -0.12267 0.0455081 -1.46239 -1.46364 3.11067 1.95431
target_joint_pos 0.428582 -0.827673 -1.46239 -1.10264 -1.43874 -1.46364 -1.61946 -0.12267 3.11067 2.78296 0.0455081 1.95431
joint_limits_lower -0.51777 -2.6433 0.51876 -0.51777 -2.6433 0.51876 -0.51777 -2.6433 0.51876 -0.51777 -2.6433 0.51876
joint_limits_upper 0.51777 0.31086 2.76408 0.51777 0.31086 2.76408 0.51777 0.31086 2.76408 0.51777 0.31086 2.76408
effort_limits 24 24 36 24 24 36 24 24 36 24 24 36
target_joint_pos_clipped 0.428582 -0.827673 0.51876 -0.51777 -1.43874 0.51876 -0.51777 -0.12267 2.76408 0.51777 0.0455081 1.95431
pd_tau_raw 8.97739 -1.18067 -59.8887 -22.2714 -13.4078 -59.8309 -31.6609 13.1732 29.6747 55.0317 16.3124 7.70925
pd_tau_clipped 8.97739 -1.18067 -36 -22.2714 -13.4078 -36 -24 13.1732 29.6747 24 16.3124 7.70925
obs_flat 0 0 0 -3.11631 0.00787104 -0.00178818 -0.873013 -0.948762 -0.0781345 -0.0169234 0.0144708 -0.0264351 0.0251844 -0.76752 -0.768343 -0.770746 -0.768118 1.53592 1.53378 1.5723 1.55349 -0.0960959 -0.101135 -0.285067 0.176968 -0.0319891 -0.000180557 -0.302391 -0.0569164 -0.110741 -0.167963 1.561 0.43867 -0.0154456 0.0160288 -0.0222097 0.0225225 -0.767019 -0.768334 -0.765859 -0.767202 1.5376 1.53635 1.54786 1.54677 -0.0154456 0.0160288 -0.0222097 0.0225225 -0.767019 -0.768334 -0.765859 -0.767202 1.5376 1.53635 1.54786 1.54677 -0.0154456 0.0160288 -0.0222097 0.0225225 -0.767019 -0.768334 -0.765859 -0.767202 1.5376 1.53635 1.54786 1.54677 -4.81955e-05 4.67627e-05 -8.06083e-05 8.2291e-05 -3.73523e-05 -3.90167e-05 -5.99391e-06 -9.74351e-06 -3.02658e-06 -3.71957e-06 -2.61505e-05 -2.8804e-05 -4.81955e-05 4.67627e-05 -8.06083e-05 8.2291e-05 -3.73523e-05 -3.90167e-05 -5.99391e-06 -9.74351e-06 -3.02658e-06 -3.71957e-06 -2.61505e-05 -2.8804e-05 0 0 0 0 0 0 0 0 0 0 0 0 0 0 0 0 0 0 0 0 0 0 0 0 0 0 0 0 0 0 0 0 0 0 0 0 0 0 0 0 0 0 0 0 0 0 0 0 0 0 0 0 0 0 0 0 0 0 0 0 0 0 0 0 0 0 0 0 0 0 0 0 0 0 0 0 0 0 0 0 0 0 0 0 0 0 0 0 0 0 0 0 0 0 0 0 0 0 0 0 0 0 0 0 0 0 0 0 0 0 0 0 0 0 0 0 0 0 0 0 0 0 0 0 0 0 0 0 0 0 0 0 0 0 0 0 0 0 0 0 0 0 0 0 0 0 0 0 0 0 0 0 0 0 0 0 0 0 0 0 0 0 0 0 0 0 0 0 0 0 0 0 0 0 0 0 0 0 0 0 0 0 0 0 0 0 0 0 0 0 0 0 0 0 0 0 0 0 0 0 0 0 0 0 0 0 0 0 0 0 0 0 0 0 0 0 0 0 0 0 0 0 0 0 0 0 0 0 0 0 0 0 0 0 0 0 0 0 0 0 0 0 0 0 0 0 0 0 0 0 0 0 0 0 0 0 0 0 0 0 0 0 0 0 0 0 0 0 0 0 0 0 0 0 0 0 0 0 0 0 0 0 0 0 0 0 0 0 0 0 0 0 0 0 0 0 0 0 0 0 0 0 0 0 0 0 0 0 0 0 0 0 0 0 0 0 0 0 0 0 0 0 0 0 0 0 0 0 0 0 0 0 0 0 0 0 0 0 0 0 0 0 0 0 0 0 0 0 0 0 0 0 0 0 0 0 0 0 0 0 0 0 0 0 0 0 0 0 0 0 0 0 0 0 0 0 0 0 0 0 0 0 0 0 0 0 0 0 0 0 0 0 0 0 0 0 0 0 0 0 0 0 0 0 0 0 0 0 0 0 0 0 0 0 0 0 0 0 0 0 0 0 0 0 0 0 0 0 0 0 0 0 0 0 0 0 0 0 0 0 0 0 0 0 0 0 0 0 0 0 0 0 0 0 0 0 0 0 0 0 0 0 0 0 0 0 0 0 0 0 0 0 0 0 0 0 0 0 0 0 0 0 0 0 0 0 0 0 0 0 0 0 0 0 0 0 0 0 0 0 0 0 0 0 0 0 0 0 0 0 0 0 0 0 0 0 0 0 0 0 0 0 0 0 0 0 0 0 0 0 0 0 0 0 0 0 0 0 0 0 0 0 0 0 0 0 0 0 0 0 0 0 0 0 0 0 0 0 0 0 0 0 0 0 0 0 0 0 0 0 0 0 0 0 0 0 0 0 0 0 0 0 0 0 0 0 0 0 0 0 0 0 0 0 0 0 0 0 0 0 0 0 0 0 0 0 0 0 0 0 0 0 0 0 0 0 0 0 0 0 0 0 0 0 0 0 0 0 0 0 0 0 0 0 0 0 0 0 0 0 0 0 0 0 0 0 0 0 0 0 0 0 0 0 0 0 0 0 0 0 0 0 0 0 0 0 0 0 0 0 0 0 0 0 0 0 0 0 0 0 0 0 0 0 0 0 0 0 0 0 0 0 0 0 0 0 0 0 0 0 0 0 0 0 0 0 0 0 0 0 0 0 0 0 0 0 0 0 0 0 0 0 0 0 0 0 0 0 0 0 0 0 0 0 0 0 0 0 0 0 0 0 0 0 0 0 0 0 0 0 0 0 0 0 0 0 0 0 0 0 0 0 0 0 0 0 0 0 0 0 0 0 0 0 0 0 0 0 0 0 0 0 0 0 0 0 0 0 0 0 0 0 0 0 0 0 0 0 0 0 0 0 0 0 0 0 0 0 0 0 0 0 0 0 0 0 0 0 0 0 0 0 0 0 0 0 0 0 0 0 0 0 0 0 0 0 0 0 0 0 0 0 0 0 0 0 0 0 0 0 0 0 0 0 0 0 0 0 0 0 0 0 0 0 0 0 0 0 0 0 0 0 0 0 0 0 0 0 0 0 0 0 0 0 0 0 0 0 0 0 0 0 0 0 0 0 0 0 0 0 0 0 0 0 0 0 0 0 0 0 0 0 0 0 0 0 0 0 0 0 0 0 0 0 0 0 0 0 0 0 0 0 0 0 0 0 0 0 0 0 0 0 0 0 0 0 0 0 0 0 0 0 0 0 0 0 0 0 0 0 0 0 0 0 0 0 0 0 0 0 0 0 0 0 0 0 0 0 0 0 0 0 0 0 0 0 0 0 0 0 0 0 0 0 0 0 0 0 0 0 0 0 0 0 0 0 0 0 0 0 0 0 0 0 0 0 0 0 0 0 0 0 0 0 0 0 0 0 0 0 0 0 0 0 0 0 0 0 0 0 0 0 0 0 0 0 0 0 0 0 0 0 0 0 0 0 0 0 0 0 0 0 0 0 0 0 0 0 0 0 0 0 0 0 0 0 0 0 0 0 0 0 0 0 0 0 0 0 0 0 0 0 0 0 0 0 0 0 0 0 0 0 0 0 0 0 0 0 0 0 0 0 0 0 0 0 0 0 0 0 0 0 0 0 0 0 0 0 0 0 0 0 0 0 0 0 0 0 0 0 0 0 0 0 0 0 0 0 0 0 0 0 0 0 0 0 0 0 0 0 0 0 0 0 0 0 0 0 0 0 0 0 0 0 0 0 0 0 0 0 0 0 0 0 0 0 0 0 0 0 0 0 0 0 0 0 0 0 0 0 0 0 0 0 0 0 0 0 0 0 0 0 0 0 0 0 0 0 0 0 0 0 0 0 0 0 0 0 0 0 0 0 0 0 0 0 0 0 0 0 0 0 0 0 0 0 0 0 0 0 0 0 0 0 0 0 0 0 0 0 0 0 0 0 0 0 0 0 0 0 0 0 0 0 0 0 0 0 0 0 0 0 0 0 0 0 0 0 0 0 0 0 0 0 0 0 0 0 0 0 0 0 0 0 0 0 0 0 0 0 0 0 0 0 0 0 0 0 0 0 0 0 0 0 0 0 0 0 0 0 0 0 0 0 0 0 0 0 0 0 0 0 0 0 0 0 0 0 0 0 0 0 0 0 0 0 0 0 0 0 0 0 0 0 0 0 0 0 0 0 0 0 0 0 0 0 0 0 0 0 0 0 0 0 0 0 0 0 0 0 0 0 0 0 0 0 0 0 0 0 0 0 0 0 0 0 0 0 0 0 0 0 0 0 0 0 0 0 0 0 0 0 0 0 0 0 0 0 0 0 0 0 0 0 0 0 0 0 0 0 0 0 0 0 0 0 0 0 0 0 0 0 0 0 0 0 0 0 0 0 0 0 0 0 0 0 0 0 0 0 0 0 0 0 0 0 0 0 0 0 0 0 0 0 0 0 0 0 0 0 0 0 0 0 0 0 0 0 0 0 0 0 0 0 0 0 0 0 0 0 0 0 0 0 0 0 0 0 0 0 0 0 0 0 0 0 0 0 0 0 0 0 0 0 0 0 0 0 0 0 0 0 0 0 0 0 0 0 0 0 0 0 0 0 0 0 0 0 0 0 0 0 0 0 0 0 0 0 0 0 0 0 0 0 0 0 0 0 0 0 0 0 0 0 0 0 0 0 0 0 0 0 0 0 0 0 0 0 0 0 0 0 0 0 0 0 0 0 0 0 0 0 0 0 0 0 0 0 0 0 0 0 0 0 0 0 0 0 0 0 0 0 0 0 0 0 0 0 0 0 0 0 0 0 0 0 0 0 0 0 0 0 0 0 0 0 0 0 0 0 0 0 0 0 0 0 0 0 0 0 0 0 0 0 0 0 0 0 0 0 0 0 0 0 0 0 0 0 0 0 0 0 0 0 0 0 0 0 0 0 0 0 0 0 0 0 0 0 0 0 0 0 0 0 0 0 0 0 0 0 0 0 0 0 0 0 0 0 0 0 0 0 0 0 0 0 0 0 0 0 0 0 0 0 0 0 0 0 0 0 0 0 0 0 0 0 0 0 0 0 0 0 0 0 0 0 0 0 0 0 0 0 0 0 0 0 0 0 0 0 0 0 0 0 0 0 0 0 0 0 0 0 0 0 0 0 0 0 0 0 0 0 0 0 0 0 0 0 0 0 0 0 0 0 0 0 0 0 0 0 0 0 0 0 0 0 0 0 0 0 0 0 0 0 0 0 0 0 0 0 0 0 0 0 0 0 0 0 0 0 0 0 0 0 0 0 0 0 0 0 0 0 0 0 0 0 0 0 0 0 0 0 0 0 0 0 0 0 0 0 0 0 0 0 0 0 0 0 0 0 0 0 0 0 0 0 0 0 0 0 0 0 0 0 0 0 0 0 0 0 0 0 0 0 0 0 0 0 0 0 0 0 0 0 0 0 0 0 0 0 0 0 0 0 0 0 0 0 0 0 0 0 0 0 0 0 0 0 0 0 0 0 0 0 0 0 0 0 0 0 0 0 0 0 0 0 0 0 0 0 0 0 0 0 0 0 0 0 0 0 0 0 0 0 0 0 0 0 0 0 0 0 0 0 0 0 0 0 0 0 0 0 0 0 0 0 0 0 0 0 0 0 0 0 0 0 0 0 0 0 0 0 0 0 0 0 0 0 0 0 0 0 0 0 0 0 0 0 0 0 0 0 0 0 0 0 0 0 0 0 0 0 0 0 0 0 0 0 0 0 0 0 0 0 0 0 0 0 0 0 0 0 0 0 0 0 0 0 0 0 0 0 0 0 0 0 0 0 0 0 0 0 0 0 0 0 0 0 0 0 0 0 0 0 0 0 0 0 0 0 0 0 0 0 0 0 0 0 0 0 0 0 0 0 0 0 0 0 0 0 0 0 0 0 0 0 0 0 0 0 0 0 0 0 0 0 0 0 0 0 0 0 0 0 0 0 0 0 0 0 0 0 0 0 0 0 0 0 0 0 0 0 0 0 0 0 0 0 0 0 0 0 0 0 0 0 0 0 0 0 0 0 0 0 0 0 0 0 0 0 0 0 0 0 0 0 0 0 0 0 0 0 0 0 0 0 0 0 0 0 0 0 0 0 0 0 0 0 0 0 0 0 0 0 0 0 0 0 0 0 0 0 0 0 0 0 0 0 0 0 0 0 0 0 0 0 0 0 0 0 0 0 0 0 0 0 0 0 0 0 0 0 0 0 0 0 0 0 0 0 0 0 0 0 0 0 0 0 0 0 0 0 0 0 0 0 0 0 0 0 0 0 0 0 0 0 0 0 0 0 0 0 0 0 0 0 0 0 0 0 0 0 0 0 0 0 0 0 0 0 0 0 0 0 0 0 0 0 0 0 0 0 0 0 0 0 0 0 0 0 0 0 0 0 0 0 0 0 0 0 0 0 0 0 0 0 0 0 0 0 0 0 0 0 0 0 0 0 0 0 0 0 0 0 0 0 0 0 0 0 0 0 0 0 0 0 0 0 0 0 0 0 0 0 0 0 0 0 0 0 0 0 0 0 0 0 0 0 0 0 0 0 0 0 0 0 0 0 0 0 0 0 0 0 0 0 0 0 0 0 0 0 0 0 0 0 0 0 0 0 0 0 0 0 0 0 0 0 0 0 0 0 0 0 0 0 0 0 0 0 0 0 0 0 0 0 0 0 0 0 0 0 0 0 0 0 0 0 0 0 0 0 0 0 0 0 0 0 0 0 0 0 0 0 0 0 0 0 0 0 0 0 0 0 0 0 0 0 0 0 0 0 0 0 0 0 0 0 0 0 0 0 0 0 0 0 0 0 0 0 0 0 0 0 0 0 0 0 0 0 0 0 0 0 0 0 0 0 0 0 0 0 0 0 0 0 0 0 0 0 0 0 0 0 0 0 0 0 0 0 0 0 0 0 0 0 0 0 0 0 0 0 0 0 0 0 0 0 0 0 0 0 0 0 0 0 0 0 0 0 0 0 0 0 0 0 0 0 0 0 0 0 0 0 0 0 0 0 0 0 0 0 0 0 0 0 0 0 0 0 0 0 0 0 0 0 0 0 0 0 0 0 0 0 0 0 0 0 0 0 0 0 0 0 0 0 0 0 0 0 0 0 0 0 0 0 0 0 0 0 0 0 0 0 0 0 0 0 0 0 0 0 0 0 0 0 0 0 0 0 0 0 0 0 0 0 0 0 0 0 0 0 0 0 0 0 0 0 0 0 0 0 0 0 0 0 0 0 0 0 0 0 0 0 0 0 0 0 0 0 0 0 0 0 0 0 0 0 0 0 0 0 0 0 0 0 0 0 0 0 0 0 0 0 0 0 0 0 0 0 0 0 0 0 0 0 0 0 0 0 0 0 0 0 0 0 0 0 0 0 0 0 0 0 0 0 0 0 0 0 0 0 0 0 0 0 0 0 0 0 0 0 0 0 0 0 0 0 0 0 0 0 0 0 0 0 0 0 0 0 0 0 0 0 0 0 0 0 0 0 0 0 0 0 0 0 0 0 0 0 0 0 0 0 0 0 0 0 0 0 0 0 0 0 0 0 0 0 0 0 0 0 0 0 0 0 0 0 0 0 0 0 0 0 0 0 0 0 0 0 0 0 0 0 0 0 0 0 0 0 0 0 0 0 0 0 0 0 0 0 0 0 0 0 0 0 0 0 0 0 0 0 0 0 0 0 0 0 0 0 0 0 0 0 0 0 0 0 0 0 0 0 0 0 0 0 0 0 0 0 0 0 0 0 0 0 0 0 0 0 0 0 0 0 0 0 0 0 0 0 0 0 0 0 0 0 0 0 0 0 0 0 0 0 0 0 0 0 0 0 0 0 0 0 0 0 0 0 0 0 0 0 0 0 0 0 0 0 0 0 0 0 0 0 0 0 0 0 0 0 0 0 0 0 0 0 0 0 0 0 0 0 0 0 0 0 0 0 0 0 0 0 0 0 0 0 0 0 0 0 0 0 0 0 0 0 0 0 0 0 0 0 0 0 0 0 0 0 0 0 0 0 0 0 0 0 0 0 0 0 0 0 0 0 0 0 0 0 0 0 0 0 0 0 0 0 0 0 0 0 0 0 0 0 0 0 0 0 0 0 0 0 0 0 0 0 0 0 0 0 0 0 0 0 0 0 0 0 0 0 0 0 0 0 0 0 0 0 0 0 0 0 0 0 0 0 0 0 0 0 0 0 0 0 0 0 0 0 0 0 0 0 0 0 0 0 0 0 0 0 0 0 0 0 0 0 0 0 0 0 0 0 0 0 0 0 0 0 0 0 0 0 0 0 0 0 0 0 0 0 0 0 0 0 0 0 0 0 0 0 0 0 0 0 0 0 0 0 0 0 0 0 0 0 0 0 0 0 0 0 0 0 0 0 0 0 0 0 0 0 0 0 0 0 0 0 0 0 0 0 0 0 0 0 0 0 0 0 0 0 0 0 0 0 0 0 0 0 0 0 0 0 0 0 0 0 0 0 0 0 0 0 0 0 0 0 0 0 0 0 0 0 0 0 0 0 0 0 0 0 0 0 0 0 0 0 0 0 0 0 0 0 0 0 0 0 0 0 0 0 0 0 0 0 0 0 0 0 0 0 0 0 0 0 0 0 0 0 0 0 0 0 0 0 0 0 0 0 0 0 0 0 0 0 0 0 0 0 0 0 0 0 0 0 0 0 0 0 0 0 0 0 0 0 0 0 0 0 0 0 0 0 0 0 0 0 0 0 0 0 0 0 0 0 0 0 0 0 0 0 0 0 0 0 0 0 0 0 0 0 0 0 0 0 0 0 0 0 0 0 0 0 0 0 0 0 0 0 0 0 0 0 0 0 0 0 0 0 0 0 0 0 0 0 0 0 0 0 0 0 0 0 0 0 0 0 0 0 0 0 0 0 0 0 0 0 0 0 0 0 0 0 0 0 0 0 0 0 0 0 0 0 0 0 0 0 0 0 0 0 0 0 0 0 0 0 0 0 0 0 0 0 0 0 0 0 0 0 0 0 0 0 0 0 0 0 0 0 0 0 0 0 0 0 0 0 0 0 0 0 0 0 0 0 0 0 0 0 0 0 0 0 0 0 0 0 0 0 0 0 0 0 0 0 0 0 0 0 0 0 0 0 0 0 0 0 0 0 0 0 0 0 0 0 0 0 0 0 0 0 0 0 0 0 0 0 0 0 0 0 0 0 0 0 0 0 0 0 0 0 0 0 0 0 0 0 0 0 0 0 0 0 0 0 0 0 0 0 0 0 0 0 0 0 0 0 0 0 0 0 0 0 0 0 0 0 0 0 0 0 0 0 0 0 0 0 0 0 0 0 0 0 0 0 0 0 0 0 0 0 0 0 0 0 0 0 0 0 0 0 0 0 0 0 0 0 0 0 0 0 0 0 0 0 0 0 0 0 0 0 0 0 0 0 0 0 0 0 0 0 0 0 0 0 0 0 0 0 0 0 0 0 0 0 0 0 0 0 0 0 0 0 0 0 0 0 0 0 0 0 0 0 0 0 0 0 0 0 0 0 0 0 0 0 0 0 0 0 0 0 0 0 0 0 0 0 0 0 0 0 0 0 0 0 0 0 0 0 0 0 0 0 0 0 0 0 0 0 0 0 0 0 0 0 0 0 0 0 0 0 0 0 0 0 0 0 0 0 0 0 0 0 0 0 0 0 0 0 0 0 0 0 0 0 0 0 0 0 0 0 0 0 0 0 0 0 0 0 0 0 0 0 0 0 0 0 0 0 0 0 0 0 0 0 0 0 0 0 0 0 0 0 0 0 0 0 0 0 0 0 0 0 0 0 0 0 0 0 0 0 0 0 0 0 0 0 0 0 0 0 0 0 0 0 0 0 0 0 0 0 0 0 0 0 0 0 0 0 0 0 0 0 0 0 0 0 0 0 0 0 0 0 0 0 0 0 0 0 0 0 0 0 0 0 0 0 0 0 0 0 0 0 0 0 0 0 0 0 0 0 0 0 0 0 0 0 0 0 0 0 0 0 0 0 0 0 0 0 0 0 0 0 0 0 0 0 0 0 0 0 0 0 0 0 0 0 0 0 0 0 0 0 0 0 0 0 0 0 0 0 0 0 0 0 0 0 0 0 0 0 0 0 0 0 0 0 0 0 0 0 0 0 0 0 0 0 0 0 0 0 0 0 0 0 0 0 0 0 0 0 0 0 0 0 0 0 0 0 0 0 0 0 0 0 0 0 0 0 0 0 0 0 0 0 0 0 0 0 0 0 0 0 0 0 0 0 0 0 0 0 0 0 0 0 0 0 0 0 0 0 0 0 0 0 0 0 0 0 0 0 0 0 0 0 0 0 0 0 0 0 0 0 0 0 0 0 0 0 0 0 0 0 0 0 0 0 0 0 0 0 0 0 0 0 0 0 0 0 0 0 0 0 0 0 0 0 0 0 0 0 0 0 0 0 0 0 0 0 0 0 0 0 0 0 0 0 0 0 0 0 0 0 0 0 0 0 0 0 0 0 0 0 0 0 0 0 0 0 0 0 0 0 0 0 0 0 0 0 0 0 0 0 0 0 0 0 0 0 0 0 0 0 0 0 0 0 0 0 0 0 0 0 0 0 0 0 0 0 0 0 0 0 0 0 0 0 0 0 0 0 0 0 0 0 0 0 0 0 0 0 0 0 0 0 0 0 0 0 0 0 0 0 0 0 0 0 0 0 0 0 0 0 0 0 0 0 0 0 0 0 0 0 0 0 0 0 0 0 0 0 0 0 0 0 0 0 0 0 0 0 0 0 0 0 0 0 0 0 0 0 0 0 0 0 0 0 0 0 0 0 0 0 0 0 0 0 0 0 0 0 0 0 0 0 0 0 0 0 0 0 0 0 0 0 0 0 0 0 0 0 0 0 0 0 0 0 0 0 0 0 0 0 0 0 0 0 0 0 0 0 0 0 0 0 0 0 0 0 0 0 0 0 0 0 0 0 0 0 0 0 0 0 0 0 0 0 0 0 0 0 0 0 0 0 0 0 0 0 0 0 0 0 0 0 0 0 0 0 0 0 0 0 0 0 0 0 0 0 0 0 0 0 0 0 0 0 0 0 0 0 0 0 0 0 0 0 0 0 0 0 0 0 0 0 0 0 0 0 0 0 0 0 0 0 0 0 0 0 0 0 0 0 0 0 0 0 0 0 0 0 0 0 0 -3.11643 0.0064217 -0.00044972 -7.66308e-06 9.05777e-06 -2.25002e-05 -0.0154456 0.0160288 -0.0222097 0.0225225 -0.767019 -0.768334 -0.765859 -0.767202 1.5376 1.53635 1.54786 1.54677 -4.81955e-05 4.67627e-05 -8.06083e-05 8.2291e-05 -3.73523e-05 -3.90167e-05 -5.99391e-06 -9.74351e-06 -3.02658e-06 -3.71957e-06 -2.61505e-05 -2.8804e-05 -0.0154456 0.0160288 -0.0222097 0.0225225 -0.767019 -0.768334 -0.765859 -0.767202 1.5376 1.53635 1.54786 1.54677 -0.0154456 0.0160288 -0.0222097 0.0225225 -0.767019 -0.768334 -0.765859 -0.767202 1.5376 1.53635 1.54786 1.54677 -0.0154456 0.0160288 -0.0222097 0.0225225 -0.767019 -0.768334 -0.765859 -0.767202 1.5376 1.53635 1.54786 1.54677 -4.81955e-05 4.67627e-05 -8.06083e-05 8.2291e-05 -3.73523e-05 -3.90167e-05 -5.99391e-06 -9.74351e-06 -3.02658e-06 -3.71957e-06 -2.61505e-05 -2.8804e-05 -4.81955e-05 4.67627e-05 -8.06083e-05 8.2291e-05 -3.73523e-05 -3.90167e-05 -5.99391e-06 -9.74351e-06 -3.02658e-06 -3.71957e-06 -2.61505e-05 -2.8804e-05 0 0 0 0 0 0 0 0 0 0 0 0 0 0 0 0 0 0 0 0 0 0 0 0 0 0 0 -3.11631 0.00787104 -0.00178818 -0.873013 -0.948762 -0.0781345 -0.0169234 0.0144708 -0.0264351 0.0251844 -0.76752 -0.768343 -0.770746 -0.768118 1.53592 1.53378 1.5723 1.55349 -0.0960959 -0.101135 -0.285067 0.176968 -0.0319891 -0.000180557 -0.302391 -0.0569164 -0.110741 -0.167963 1.561 0.43867 -0.0154456 0.0160288 -0.0222097 0.0225225 -0.767019 -0.768334 -0.765859 -0.767202 1.5376 1.53635 1.54786 1.54677 -0.0154456 0.0160288 -0.0222097 0.0225225 -0.767019 -0.768334 -0.765859 -0.767202 1.5376 1.53635 1.54786 1.54677 -0.0154456 0.0160288 -0.0222097 0.0225225 -0.767019 -0.768334 -0.765859 -0.767202 1.5376 1.53635 1.54786 1.54677 -4.81955e-05 4.67627e-05 -8.06083e-05 8.2291e-05 -3.73523e-05 -3.90167e-05 -5.99391e-06 -9.74351e-06 -3.02658e-06 -3.71957e-06 -2.61505e-05 -2.8804e-05 -4.81955e-05 4.67627e-05 -8.06083e-05 8.2291e-05 -3.73523e-05 -3.90167e-05 -5.99391e-06 -9.74351e-06 -3.02658e-06 -3.71957e-06 -2.61505e-05 -2.8804e-05 0 0 0 0 0 0 0 0 0 0 0 0 0 0 0 0 0 0 0 0 0 0 0 0
