cmd 0 0 0
base_rpy 2.87877 0.641742 -0.00330663
projected_gravity -0.598592 0.00264879 -0.80105
body_omega 6.2562 1.13076 0.463888
base_acc -13.0949 -15.1851 14.3578
omega_world 4.27929 2.3239 4.11351
base_quat_wxyz 0.940846 0.0397724 -0.312879 0.123831
base_rot_mat 0.773546 -0.257899 -0.578891 0.208124 0.966168 -0.152327 0.598592 -0.00264879 0.80105
joint_pos_policy 0.587197 -0.569632 -0.559624 0.577741 -1.2082 -1.71532 -0.705971 -0.580766 0.141007 0.368273 1.77617 1.04028
joint_vel_policy -0.721813 0.0814758 -0.0013744 2.31604 1.41226 1.64913 1.48342 1.65753 -1.8902 -4.68873 2.48993 -0.340074
obs_contract cmd:3 base_rpy:3 body_omega:3 joint_pos:12 joint_vel:12 joint_pos_history:36 joint_vel_history:24 action_history:24
parity_build_id 2026-02-16-rpy-from-quat-history-abs-noise0-quat-fallback-rpy-actionhist-zero-delay1-rpy-step0-pi-canonical-neg
base_rpy_mode legacy_xyzw_from_rotmat_step0_pi_canonical_neg
history_frame_push_mode single_first_step
action_history_mode training_parity_zero_seed_delay1
history_seed_file_loaded 0
history_seed_file_used 0
history_seed_file_path none
joint_pos_history 0.627557 -0.582329 -0.561205 0.312992 -1.47948 -2.01857 -0.727372 -0.639257 0.66373 1.23626 1.20152 0.908023 0.617455 -0.577775 -0.560627 0.366976 -1.37047 -1.90621 -0.764107 -0.662292 0.426166 0.92616 1.42753 0.984423 0.607676 -0.573936 -0.560034 0.448694 -1.28578 -1.80966 -0.760617 -0.646964 0.262713 0.649017 1.61513 1.03216
pos_hist 0.627557 -0.582329 -0.561205 0.312992 -1.47948 -2.01857 -0.727372 -0.639257 0.66373 1.23626 1.20152 0.908023 0.617455 -0.577775 -0.560627 0.366976 -1.37047 -1.90621 -0.764107 -0.662292 0.426166 0.92616 1.42753 0.984423 0.607676 -0.573936 -0.560034 0.448694 -1.28578 -1.80966 -0.760617 -0.646964 0.262713 0.649017 1.61513 1.03216
joint_vel_history -0.247273 0.10577 0.0153088 1.60148 2.54267 2.69683 -0.538039 -0.207087 -5.35964 -7.53977 5.33071 1.66366 -0.251325 0.0924941 0.0134722 2.30721 1.88248 2.2426 0.495926 0.754467 -3.41601 -6.5496 4.09643 0.857068
vel_hist -0.247273 0.10577 0.0153088 1.60148 2.54267 2.69683 -0.538039 -0.207087 -5.35964 -7.53977 5.33071 1.66366 -0.251325 0.0924941 0.0134722 2.30721 1.88248 2.2426 0.495926 0.754467 -3.41601 -6.5496 4.09643 0.857068
action_history 1.93854 -7.57671 -9.70741 12 -0.32804 -2.91563 3.31088 4.9967 -12 -12 7.78994 1.00388 -0.157079 -6.05423 -10.1575 12 -1.59269 -2.63714 3.30158 5.22853 -12 -12 5.40623 -0.408359
tgt_hist 1.93854 -7.57671 -9.70741 12 -0.32804 -2.91563 3.31088 4.9967 -12 -12 7.78994 1.00388 -0.157079 -6.05423 -10.1575 12 -1.59269 -2.63714 3.30158 5.22853 -12 -12 5.40623 -0.408359
action_raw -1.43784 -3.47113 -8.47315 8.9237 -0.519091 -0.666492 2.44557 4.15486 -12 -12 0.617319 -3.50949
action_offset -0.359459 -0.867782 -2.11829 2.23093 -0.129773 -0.166623 0.611393 1.03872 -3 -3 0.15433 -0.877373
target_joint_pos_policy -0.374864 -0.851793 -2.14042 2.25337 -0.896743 -0.934909 -0.154472 0.271513 -1.46239 -1.46364 1.70221 0.669417
target_joint_pos -0.374864 -0.896743 -1.46239 -0.851793 -0.934909 -1.46364 -2.14042 -0.154472 1.70221 2.25337 0.271513 0.669417
joint_limits_lower -0.51777 -2.6433 0.51876 -0.51777 -2.6433 0.51876 -0.51777 -2.6433 0.51876 -0.51777 -2.6433 0.51876
joint_limits_upper 0.51777 0.31086 2.76408 0.51777 0.31086 2.76408 0.51777 0.31086 2.76408 0.51777 0.31086 2.76408
effort_limits 24 24 36 24 24 36 24 24 36 24 24 36
target_joint_pos_clipped -0.374864 -0.896743 0.51876 -0.51777 -0.934909 0.51876 -0.51777 -0.154472 1.70221 0.51777 0.271513 0.669417
pd_tau_raw -18.7359 5.24051 -30.7448 -5.70027 14.4538 -33.3561 -31.6149 9.99158 -3.2221 31.8913 15.8853 -7.17922
pd_tau_clipped -18.7359 5.24051 -30.7448 -5.70027 14.4538 -33.3561 -24 9.99158 -3.2221 24 15.8853 -7.17922
obs_flat 0 0 0 2.87877 0.641742 -0.00330663 6.2562 1.13076 0.463888 0.587197 -0.569632 -0.559624 0.577741 -1.2082 -1.71532 -0.705971 -0.580766 0.141007 0.368273 1.77617 1.04028 -0.721813 0.0814758 -0.0013744 2.31604 1.41226 1.64913 1.48342 1.65753 -1.8902 -4.68873 2.48993 -0.340074 0.627557 -0.582329 -0.561205 0.312992 -1.47948 -2.01857 -0.727372 -0.639257 0.66373 1.23626 1.20152 0.908023 0.617455 -0.577775 -0.560627 0.366976 -1.37047 -1.90621 -0.764107 -0.662292 0.426166 0.92616 1.42753 0.984423 0.607676 -0.573936 -0.560034 0.448694 -1.28578 -1.80966 -0.760617 -0.646964 0.262713 0.649017 1.61513 1.03216 -0.247273 0.10577 0.0153088 1.60148 2.54267 2.69683 -0.538039 -0.207087 -5.35964 -7.53977 5.33071 1.66366 -0.251325 0.0924941 0.0134722 2.30721 1.88248 2.2426 0.495926 0.754467 -3.41601 -6.5496 4.09643 0.857068 1.93854 -7.57671 -9.70741 12 -0.32804 -2.91563 3.31088 4.9967 -12 -12 7.78994 1.00388 -0.157079 -6.05423 -10.1575 12 -1.59269 -2.63714 3.30158 5.22853 -12 -12 5.40623 -0.408359 0 0 0 3.03993 0.72255 0.13249 1.21936 0.526361 0.000312422 0.544234 -0.552747 -0.560338 0.551323 -1.41406 0.262586 -0.785312 -0.880627 0.588253 0.44033 2.15668 1.48182 -0.0504744 0.0427583 0.000386254 -0.0114323 3.24791 -1.16319 2.56564 1.34227 -6.7565 -4.72204 -2.46634 -1.69781 0.552309 -0.557303 -0.558385 0.548786 -1.93841 0.295562 -1.11974 -1.1203 1.76724 1.37682 2.30295 1.7535 0.549501 -0.556066 -0.55931 0.550319 -1.75915 0.306069 -1.0197 -1.0325 1.34677 1.01881 2.30541 1.66426 0.546955 -0.55473 -0.560034 0.551313 -1.59187 0.301242 -0.915201 -0.956298 0.969193 0.723687 2.26086 1.57574 -0.0682117 0.0322026 -0.0220528 0.0337277 4.43021 0.166606 2.58295 2.0948 -10.2401 -8.38012 -0.502841 -2.27442 -0.0605357 0.0351339 -0.0148725 0.0174892 4.0013 -0.320502 2.62584 1.77598 -8.88519 -6.77778 -1.48518 -2.12516 1.43073 -4.78217 -7.95486 6.86602 0.578364 -0.30896 2.30731 0.785289 -12 -12 0.543709 -2.78184 1.66347 -3.47138 -6.78339 4.34708 0.899787 -0.734338 2.63194 0.350333 -12 -12 -0.708573 -2.62846 0 0 0 3.03841 0.720774 0.136391 1.19987 0.468974 0.336442 0.542367 -0.550923 -0.560001 0.54997 -1.29992 0.195505 -0.686226 -0.833912 0.361403 0.299121 2.04466 1.42085 -0.0443926 0.0473955 0.0129693 -0.0572428 2.559 -1.97444 2.41732 1.07633 -4.83478 -2.86621 -3.02545 -1.44124 0.549501 -0.556066 -0.55931 0.550319 -1.75915 0.306069 -1.0197 -1.0325 1.34677 1.01881 2.30541 1.66426 0.546955 -0.55473 -0.560034 0.551313 -1.59187 0.301242 -0.915201 -0.956298 0.969193 0.723687 2.26086 1.57574 0.544234 -0.552747 -0.560338 0.551323 -1.41406 0.262586 -0.785312 -0.880627 0.588253 0.44033 2.15668 1.48182 -0.0605357 0.0351339 -0.0148725 0.0174892 4.0013 -0.320502 2.62584 1.77598 -8.88519 -6.77778 -1.48518 -2.12516 -0.0504744 0.0427583 0.000386254 -0.0114323 3.24791 -1.16319 2.56564 1.34227 -6.7565 -4.72204 -2.46634 -1.69781 1.66347 -3.47138 -6.78339 4.34708 0.899787 -0.734338 2.63194 0.350333 -12 -12 -0.708573 -2.62846 1.84751 -2.57626 -5.96639 2.89029 1.02885 -1.22429 2.6912 0.256104 -11.7459 -11.2881 -1.7645 -2.46425 0 0 0 3.03544 0.719187 0.138694 0.977812 0.456586 0.56677 0.540678 -0.548971 -0.559208 0.542733 -1.21442 0.0932728 -0.594963 -0.797125 0.215302 0.236455 1.90751 1.36615 -0.0413884 0.0493398 0.0238435 -0.24783 1.91955 -2.75659 2.18782 0.834715 -3.03724 -1.20263 -3.56724 -1.32641 0.546955 -0.55473 -0.560034 0.551313 -1.59187 0.301242 -0.915201 -0.956298 0.969193 0.723687 2.26086 1.57574 0.544234 -0.552747 -0.560338 0.551323 -1.41406 0.262586 -0.785312 -0.880627 0.588253 0.44033 2.15668 1.48182 0.542367 -0.550923 -0.560001 0.54997 -1.29992 0.195505 -0.686226 -0.833912 0.361403 0.299121 2.04466 1.42085 -0.0504744 0.0427583 0.000386254 -0.0114323 3.24791 -1.16319 2.56564 1.34227 -6.7565 -4.72204 -2.46634 -1.69781 -0.0443926 0.0473955 0.0129693 -0.0572428 2.559 -1.97444 2.41732 1.07633 -4.83478 -2.86621 -3.02545 -1.44124 1.84751 -2.57626 -5.96639 2.89029 1.02885 -1.22429 2.6912 0.256104 -11.7459 -11.2881 -1.7645 -2.46425 1.8786 -1.84036 -5.44989 1.69552 1.02597 -1.94686 2.40796 0.268417 -11.3447 -9.47934 -2.831 -2.53802 0 0 0 3.03167 0.717883 0.139643 0.764648 0.391006 0.721361 0.539073 -0.547054 -0.558027 0.528335 -1.14926 -0.0336274 -0.514864 -0.76976 0.125357 0.223558 1.76256 1.31616 -0.0390052 0.0458578 0.0322525 -0.449238 1.45341 -3.51419 1.87471 0.571318 -1.82286 0.452293 -3.65702 -1.19681 0.544234 -0.552747 -0.560338 0.551323 -1.41406 0.262586 -0.785312 -0.880627 0.588253 0.44033 2.15668 1.48182 0.542367 -0.550923 -0.560001 0.54997 -1.29992 0.195505 -0.686226 -0.833912 0.361403 0.299121 2.04466 1.42085 0.540678 -0.548971 -0.559208 0.542733 -1.21442 0.0932728 -0.594963 -0.797125 0.215302 0.236455 1.90751 1.36615 -0.0443926 0.0473955 0.0129693 -0.0572428 2.559 -1.97444 2.41732 1.07633 -4.83478 -2.86621 -3.02545 -1.44124 -0.0413884 0.0493398 0.0238435 -0.24783 1.91955 -2.75659 2.18782 0.834715 -3.03724 -1.20263 -3.56724 -1.32641 1.8786 -1.84036 -5.44989 1.69552 1.02597 -1.94686 2.40796 0.268417 -11.3447 -9.47934 -2.831 -2.53802 1.92211 -1.55584 -5.02285 0.380266 0.777843 -2.78426 1.96892 -0.103384 -11.4175 -7.75527 -3.80993 -2.83623 0 0 0 3.02601 0.716985 0.138926 0.510736 0.204582 0.879617 0.537348 -0.545198 -0.556225 0.49702 -1.09634 -0.24711 -0.438208 -0.755198 0.0749283 0.335822 1.58796 1.2656 -0.029941 0.0285256 0.0377768 -0.744641 0.764667 -4.86655 1.24974 0.0610222 -0.503394 3.71247 -3.29778 -0.834817 0.542367 -0.550923 -0.560001 0.54997 -1.29992 0.195505 -0.686226 -0.833912 0.361403 0.299121 2.04466 1.42085 0.540678 -0.548971 -0.559208 0.542733 -1.21442 0.0932728 -0.594963 -0.797125 0.215302 0.236455 1.90751 1.36615 0.539073 -0.547054 -0.558027 0.528335 -1.14926 -0.0336274 -0.514864 -0.76976 0.125357 0.223558 1.76256 1.31616 -0.0413884 0.0493398 0.0238435 -0.24783 1.91955 -2.75659 2.18782 0.834715 -3.03724 -1.20263 -3.56724 -1.32641 -0.0390052 0.0458578 0.0322525 -0.449238 1.45341 -3.51419 1.87471 0.571318 -1.82286 0.452293 -3.65702 -1.19681 1.92211 -1.55584 -5.02285 0.380266 0.777843 -2.78426 1.96892 -0.103384 -11.4175 -7.75527 -3.80993 -2.83623 2.0553 -1.85535 -4.82851 -0.828424 -0.389609 -4.03252 1.11243 -0.986103 -10.6795 -4.85112 -4.4839 -3.11059 0 0 0 3.02132 0.717267 0.13771 0.485519 -0.0138691 0.869531 0.536364 -0.54439 -0.554685 0.471187 -1.08112 -0.447706 -0.401841 -0.760747 0.0822358 0.490281 1.46751 1.24814 -0.0189507 0.0124869 0.0390021 -0.497461 -0.120114 -5.43169 0.668187 -0.24213 1.35566 4.93538 -2.76727 -0.118181 0.540678 -0.548971 -0.559208 0.542733 -1.21442 0.0932728 -0.594963 -0.797125 0.215302 0.236455 1.90751 1.36615 0.539073 -0.547054 -0.558027 0.528335 -1.14926 -0.0336274 -0.514864 -0.76976 0.125357 0.223558 1.76256 1.31616 0.537348 -0.545198 -0.556225 0.49702 -1.09634 -0.24711 -0.438208 -0.755198 0.0749283 0.335822 1.58796 1.2656 -0.0390052 0.0458578 0.0322525 -0.449238 1.45341 -3.51419 1.87471 0.571318 -1.82286 0.452293 -3.65702 -1.19681 -0.029941 0.0285256 0.0377768 -0.744641 0.764667 -4.86655 1.24974 0.0610222 -0.503394 3.71247 -3.29778 -0.834817 2.0553 -1.85535 -4.82851 -0.828424 -0.389609 -4.03252 1.11243 -0.986103 -10.6795 -4.85112 -4.4839 -3.11059 2.70685 -3.40322 -4.9981 -1.27366 -3.00177 -5.5242 -0.65499 -2.40057 -7.54745 0.506183 -4.57942 -2.94351 0 0 0 3.01716 0.718169 0.137074 0.514954 -0.132685 0.78232 0.535887 -0.544318 -0.55314 0.459425 -1.10373 -0.675135 -0.391087 -0.774973 0.167163 0.709376 1.37133 1.25372 -0.00796692 -0.00389066 0.0368324 -0.195046 -0.833117 -5.78235 0.0793544 -0.404157 2.57781 5.65548 -2.29728 0.241836 0.539073 -0.547054 -0.558027 0.528335 -1.14926 -0.0336274 -0.514864 -0.76976 0.125357 0.223558 1.76256 1.31616 0.537348 -0.545198 -0.556225 0.49702 -1.09634 -0.24711 -0.438208 -0.755198 0.0749283 0.335822 1.58796 1.2656 0.536364 -0.54439 -0.554685 0.471187 -1.08112 -0.447706 -0.401841 -0.760747 0.0822358 0.490281 1.46751 1.24814 -0.029941 0.0285256 0.0377768 -0.744641 0.764667 -4.86655 1.24974 0.0610222 -0.503394 3.71247 -3.29778 -0.834817 -0.0189507 0.0124869 0.0390021 -0.497461 -0.120114 -5.43169 0.668187 -0.24213 1.35566 4.93538 -2.76727 -0.118181 2.70685 -3.40322 -4.9981 -1.27366 -3.00177 -5.5242 -0.65499 -2.40057 -7.54745 0.506183 -4.57942 -2.94351 3.56769 -4.80031 -5.10211 -0.490513 -5.27413 -6.14265 -2.40311 -3.00695 -3.88109 5.05757 -4.2811 -2.45839 0 0 0 3.01326 0.719018 0.135951 0.178522 -0.052751 0.729417 0.535763 -0.544731 -0.551896 0.455299 -1.14981 -0.906455 -0.397294 -0.792734 0.284451 0.930489 1.28131 1.26717 0.00129665 -0.0146806 0.0259787 -0.0712216 -1.50964 -5.78481 -0.289622 -0.455837 3.60708 5.53493 -2.23203 0.377291 0.537348 -0.545198 -0.556225 0.49702 -1.09634 -0.24711 -0.438208 -0.755198 0.0749283 0.335822 1.58796 1.2656 0.536364 -0.54439 -0.554685 0.471187 -1.08112 -0.447706 -0.401841 -0.760747 0.0822358 0.490281 1.46751 1.24814 0.535887 -0.544318 -0.55314 0.459425 -1.10373 -0.675135 -0.391087 -0.774973 0.167163 0.709376 1.37133 1.25372 -0.0189507 0.0124869 0.0390021 -0.497461 -0.120114 -5.43169 0.668187 -0.24213 1.35566 4.93538 -2.76727 -0.118181 -0.00796692 -0.00389066 0.0368324 -0.195046 -0.833117 -5.78235 0.0793544 -0.404157 2.57781 5.65548 -2.29728 0.241836 3.56769 -4.80031 -5.10211 -0.490513 -5.27413 -6.14265 -2.40311 -3.00695 -3.88109 5.05757 -4.2811 -2.45839 3.8646 -4.98848 -5.84543 -0.840818 -6.52911 -6.53195 -2.23965 -4.12052 -2.77752 6.40736 -4.77967 -3.60412 0 0 0 3.00954 0.719333 0.132446 -0.595276 0.0538387 0.693133 0.536089 -0.545508 -0.551298 0.452729 -1.22629 -1.13258 -0.416885 -0.811193 0.448676 1.14461 1.19131 1.28358 0.0123005 -0.0213832 0.00753183 -0.0745894 -2.13035 -5.51483 -0.597737 -0.458567 4.32582 5.14764 -2.29179 0.416762 0.536364 -0.54439 -0.554685 0.471187 -1.08112 -0.447706 -0.401841 -0.760747 0.0822358 0.490281 1.46751 1.24814 0.535887 -0.544318 -0.55314 0.459425 -1.10373 -0.675135 -0.391087 -0.774973 0.167163 0.709376 1.37133 1.25372 0.535763 -0.544731 -0.551896 0.455299 -1.14981 -0.906455 -0.397294 -0.792734 0.284451 0.930489 1.28131 1.26717 -0.00796692 -0.00389066 0.0368324 -0.195046 -0.833117 -5.78235 0.0793544 -0.404157 2.57781 5.65548 -2.29728 0.241836 0.00129665 -0.0146806 0.0259787 -0.0712216 -1.50964 -5.78481 -0.289622 -0.455837 3.60708 5.53493 -2.23203 0.377291 3.8646 -4.98848 -5.84543 -0.840818 -6.52911 -6.53195 -2.23965 -4.12052 -2.77752 6.40736 -4.77967 -3.60412 4.87104 -5.90224 -7.25987 -0.732057 -8.34088 -5.46072 -2.80376 -5.49542 -0.663306 8.05668 -5.1426 -4.34075 0 0 0 3.00578 0.719068 0.12456 -1.86183 0.232629 0.700067 0.536774 -0.546339 -0.551447 0.447404 -1.32251 -1.33897 -0.445362 -0.828263 0.6278 1.33233 1.09425 1.2989 0.0193874 -0.0194723 -0.00988958 -0.178939 -2.54674 -4.91973 -0.763361 -0.400329 4.517 4.42816 -2.51304 0.350778 0.535887 -0.544318 -0.55314 0.459425 -1.10373 -0.675135 -0.391087 -0.774973 0.167163 0.709376 1.37133 1.25372 0.535763 -0.544731 -0.551896 0.455299 -1.14981 -0.906455 -0.397294 -0.792734 0.284451 0.930489 1.28131 1.26717 0.536089 -0.545508 -0.551298 0.452729 -1.22629 -1.13258 -0.416885 -0.811193 0.448676 1.14461 1.19131 1.28358 0.00129665 -0.0146806 0.0259787 -0.0712216 -1.50964 -5.78481 -0.289622 -0.455837 3.60708 5.53493 -2.23203 0.377291 0.0123005 -0.0213832 0.00753183 -0.0745894 -2.13035 -5.51483 -0.597737 -0.458567 4.32582 5.14764 -2.29179 0.416762 4.87104 -5.90224 -7.25987 -0.732057 -8.34088 -5.46072 -2.80376 -5.49542 -0.663306 8.05668 -5.1426 -4.34075 5.6703 -6.4896 -8.3191 -0.764114 -9.04478 -4.40164 -3.09851 -6.42615 0.274166 8.29599 -5.58719 -5.23271 0 0 0 3.00173 0.718116 0.110774 -3.38625 0.41188 0.767294 0.537658 -0.546982 -0.552151 0.436553 -1.43199 -1.51971 -0.479547 -0.842654 0.807375 1.49694 0.993292 1.31071 0.0245174 -0.0139059 -0.0219928 -0.337262 -2.91299 -4.25308 -0.886304 -0.331833 4.6994 3.90755 -2.52888 0.257848 0.535763 -0.544731 -0.551896 0.455299 -1.14981 -0.906455 -0.397294 -0.792734 0.284451 0.930489 1.28131 1.26717 0.536089 -0.545508 -0.551298 0.452729 -1.22629 -1.13258 -0.416885 -0.811193 0.448676 1.14461 1.19131 1.28358 0.536774 -0.546339 -0.551447 0.447404 -1.32251 -1.33897 -0.445362 -0.828263 0.6278 1.33233 1.09425 1.2989 0.0123005 -0.0213832 0.00753183 -0.0745894 -2.13035 -5.51483 -0.597737 -0.458567 4.32582 5.14764 -2.29179 0.416762 0.0193874 -0.0194723 -0.00988958 -0.178939 -2.54674 -4.91973 -0.763361 -0.400329 4.517 4.42816 -2.51304 0.350778 5.6703 -6.4896 -8.3191 -0.764114 -9.04478 -4.40164 -3.09851 -6.42615 0.274166 8.29599 -5.58719 -5.23271 6.0655 -6.55157 -9.16997 -1.12608 -9.05704 -3.32209 -2.64857 -7.00668 1.4781 8.08679 -6.02135 -6.44422 0 0 0 2.99688 0.716514 0.0901654 -4.94492 0.534485 0.95105 0.53871 -0.547352 -0.553212 0.418657 -1.55355 -1.67026 -0.517354 -0.854501 0.993262 1.63848 0.896767 1.31864 0.0269984 -0.00583163 -0.0286314 -0.516734 -3.10387 -3.42823 -0.976128 -0.276571 4.66473 3.20505 -2.28997 0.161761 0.536089 -0.545508 -0.551298 0.452729 -1.22629 -1.13258 -0.416885 -0.811193 0.448676 1.14461 1.19131 1.28358 0.536774 -0.546339 -0.551447 0.447404 -1.32251 -1.33897 -0.445362 -0.828263 0.6278 1.33233 1.09425 1.2989 0.537658 -0.546982 -0.552151 0.436553 -1.43199 -1.51971 -0.479547 -0.842654 0.807375 1.49694 0.993292 1.31071 0.0193874 -0.0194723 -0.00988958 -0.178939 -2.54674 -4.91973 -0.763361 -0.400329 4.517 4.42816 -2.51304 0.350778 0.0245174 -0.0139059 -0.0219928 -0.337262 -2.91299 -4.25308 -0.886304 -0.331833 4.6994 3.90755 -2.52888 0.257848 6.0655 -6.55157 -9.16997 -1.12608 -9.05704 -3.32209 -2.64857 -7.00668 1.4781 8.08679 -6.02135 -6.44422 6.81381 -6.84555 -9.8513 -1.24284 -8.81634 -1.56592 -1.89601 -7.15085 3.2573 7.64349 -5.98469 -7.15652 0 0 0 2.98905 0.713996 0.0552477 -6.58441 0.623737 1.27087 0.540029 -0.547353 -0.554692 0.386679 -1.70796 -1.80738 -0.568945 -0.866681 1.2143 1.77375 0.796776 1.32316 0.0254438 0.00372455 -0.0288857 -0.715786 -3.03728 -2.24147 -1.09158 -0.217656 4.28473 2.26282 -1.69466 0.036701 0.536774 -0.546339 -0.551447 0.447404 -1.32251 -1.33897 -0.445362 -0.828263 0.6278 1.33233 1.09425 1.2989 0.537658 -0.546982 -0.552151 0.436553 -1.43199 -1.51971 -0.479547 -0.842654 0.807375 1.49694 0.993292 1.31071 0.53871 -0.547352 -0.553212 0.418657 -1.55355 -1.67026 -0.517354 -0.854501 0.993262 1.63848 0.896767 1.31864 0.0245174 -0.0139059 -0.0219928 -0.337262 -2.91299 -4.25308 -0.886304 -0.331833 4.6994 3.90755 -2.52888 0.257848 0.0269984 -0.00583163 -0.0286314 -0.516734 -3.10387 -3.42823 -0.976128 -0.276571 4.66473 3.20505 -2.28997 0.161761 6.81381 -6.84555 -9.8513 -1.24284 -8.81634 -1.56592 -1.89601 -7.15085 3.2573 7.64349 -5.98469 -7.15652 7.11024 -6.68889 -9.87938 -1.11836 -7.64413 -0.150396 -0.994751 -6.69903 4.48458 6.2439 -5.45136 -7.29454 0 0 0 2.98175 0.711471 0.0238614 -6.08422 0.707184 1.30827 0.541041 -0.546998 -0.556193 0.35756 -1.82184 -1.87296 -0.613863 -0.874093 1.37481 1.84798 0.756837 1.3225 0.026586 0.0134818 -0.0524704 -0.660046 -2.63577 -1.28764 -1.15698 -0.169114 3.7506 1.53276 -0.126062 -0.032629 0.537658 -0.546982 -0.552151 0.436553 -1.43199 -1.51971 -0.479547 -0.842654 0.807375 1.49694 0.993292 1.31071 0.53871 -0.547352 -0.553212 0.418657 -1.55355 -1.67026 -0.517354 -0.854501 0.993262 1.63848 0.896767 1.31864 0.540029 -0.547353 -0.554692 0.386679 -1.70796 -1.80738 -0.568945 -0.866681 1.2143 1.77375 0.796776 1.32316 0.0269984 -0.00583163 -0.0286314 -0.516734 -3.10387 -3.42823 -0.976128 -0.276571 4.66473 3.20505 -2.28997 0.161761 0.0254438 0.00372455 -0.0288857 -0.715786 -3.03728 -2.24147 -1.09158 -0.217656 4.28473 2.26282 -1.69466 0.036701 7.11024 -6.68889 -9.87938 -1.11836 -7.64413 -0.150396 -0.994751 -6.69903 4.48458 6.2439 -5.45136 -7.29454 7.45196 -6.77438 -9.72081 -0.364105 -6.03349 1.16126 -0.535013 -5.83723 5.38084 4.64392 -4.63511 -6.73141 0 0 0 2.97527 0.708434 0.000684564 -4.02014 0.763585 1.17572 0.54214 -0.54621 -0.55897 0.337489 -1.90742 -1.89893 -0.656277 -0.880117 1.50507 1.87824 0.784624 1.32078 0.0265085 0.0224696 -0.0728065 -0.410652 -1.78589 -0.230885 -1.02439 -0.151299 2.87345 0.145149 1.09471 -0.0394513 0.53871 -0.547352 -0.553212 0.418657 -1.55355 -1.67026 -0.517354 -0.854501 0.993262 1.63848 0.896767 1.31864 0.540029 -0.547353 -0.554692 0.386679 -1.70796 -1.80738 -0.568945 -0.866681 1.2143 1.77375 0.796776 1.32316 0.541041 -0.546998 -0.556193 0.35756 -1.82184 -1.87296 -0.613863 -0.874093 1.37481 1.84798 0.756837 1.3225 0.0254438 0.00372455 -0.0288857 -0.715786 -3.03728 -2.24147 -1.09158 -0.217656 4.28473 2.26282 -1.69466 0.036701 0.026586 0.0134818 -0.0524704 -0.660046 -2.63577 -1.28764 -1.15698 -0.169114 3.7506 1.53276 -0.126062 -0.032629 7.45196 -6.77438 -9.72081 -0.364105 -6.03349 1.16126 -0.535013 -5.83723 5.38084 4.64392 -4.63511 -6.73141 7.81259 -7.1309 -9.32806 1.12427 -4.01662 2.00884 -0.490392 -4.66241 5.34757 2.68633 -3.55409 -5.48074 0 0 0 2.9694 0.705292 -0.0151607 -2.59796 0.631023 1.08551 0.543119 -0.545232 -0.561783 0.326809 -1.95682 -1.88098 -0.692669 -0.885972 1.60073 1.84955 0.838368 1.31966 0.0212825 0.0253615 -0.0620426 -0.151517 -0.832178 0.921354 -0.970033 -0.162135 1.80783 -1.62664 1.73009 0.0197065 0.540029 -0.547353 -0.554692 0.386679 -1.70796 -1.80738 -0.568945 -0.866681 1.2143 1.77375 0.796776 1.32316 0.541041 -0.546998 -0.556193 0.35756 -1.82184 -1.87296 -0.613863 -0.874093 1.37481 1.84798 0.756837 1.3225 0.54214 -0.54621 -0.55897 0.337489 -1.90742 -1.89893 -0.656277 -0.880117 1.50507 1.87824 0.784624 1.32078 0.026586 0.0134818 -0.0524704 -0.660046 -2.63577 -1.28764 -1.15698 -0.169114 3.7506 1.53276 -0.126062 -0.032629 0.0265085 0.0224696 -0.0728065 -0.410652 -1.78589 -0.230885 -1.02439 -0.151299 2.87345 0.145149 1.09471 -0.0394513 7.81259 -7.1309 -9.32806 1.12427 -4.01662 2.00884 -0.490392 -4.66241 5.34757 2.68633 -3.55409 -5.48074 7.73816 -7.33717 -8.91379 2.73442 -1.96776 2.29836 -0.367914 -3.41562 4.48361 0.334606 -2.03147 -3.88225 0 0 0 2.96428 0.704735 -0.0263438 -1.43202 -0.315704 0.854133 0.543671 -0.544265 -0.563349 0.33437 -1.95573 -1.81558 -0.739539 -0.893128 1.60787 1.70544 0.939313 1.32698 0.00948217 0.0225942 -0.0255384 0.482112 0.637871 2.02994 -1.34698 -0.172204 -1.20551 -5.00686 3.1711 0.308632 0.541041 -0.546998 -0.556193 0.35756 -1.82184 -1.87296 -0.613863 -0.874093 1.37481 1.84798 0.756837 1.3225 0.54214 -0.54621 -0.55897 0.337489 -1.90742 -1.89893 -0.656277 -0.880117 1.50507 1.87824 0.784624 1.32078 0.543119 -0.545232 -0.561783 0.326809 -1.95682 -1.88098 -0.692669 -0.885972 1.60073 1.84955 0.838368 1.31966 0.0265085 0.0224696 -0.0728065 -0.410652 -1.78589 -0.230885 -1.02439 -0.151299 2.87345 0.145149 1.09471 -0.0394513 0.0212825 0.0253615 -0.0620426 -0.151517 -0.832178 0.921354 -0.970033 -0.162135 1.80783 -1.62664 1.73009 0.0197065 7.73816 -7.33717 -8.91379 2.73442 -1.96776 2.29836 -0.367914 -3.41562 4.48361 0.334606 -2.03147 -3.88225 7.1 -7.16337 -8.61218 5.03234 1.09662 1.71151 0.55049 -1.34491 1.15541 -5.38224 1.20176 -1.49707 0 0 0 2.96014 0.709483 -0.0285946 1.25734 -1.3805 0.388438 0.543794 -0.543533 -0.563544 0.394687 -1.86726 -1.69382 -0.808593 -0.891846 1.41876 1.36334 1.13259 1.34274 -0.00316655 0.00733023 0.00933301 1.72182 2.57584 2.52221 -1.3671 0.222299 -5.96625 -7.65194 4.38585 0.354624 0.54214 -0.54621 -0.55897 0.337489 -1.90742 -1.89893 -0.656277 -0.880117 1.50507 1.87824 0.784624 1.32078 0.543119 -0.545232 -0.561783 0.326809 -1.95682 -1.88098 -0.692669 -0.885972 1.60073 1.84955 0.838368 1.31966 0.543671 -0.544265 -0.563349 0.33437 -1.95573 -1.81558 -0.739539 -0.893128 1.60787 1.70544 0.939313 1.32698 0.0212825 0.0253615 -0.0620426 -0.151517 -0.832178 0.921354 -0.970033 -0.162135 1.80783 -1.62664 1.73009 0.0197065 0.00948217 0.0225942 -0.0255384 0.482112 0.637871 2.02994 -1.34698 -0.172204 -1.20551 -5.00686 3.1711 0.308632 7.1 -7.16337 -8.61218 5.03234 1.09662 1.71151 0.55049 -1.34491 1.15541 -5.38224 1.20176 -1.49707 6.89061 -7.6691 -8.7383 8.17539 2.35029 0.38956 0.870719 0.555728 -4.32015 -10.7556 3.76009 0.322153 0 0 0 2.95798 0.716828 -0.0144812 4.29943 -1.3752 0.29 0.543461 -0.54356 -0.562618 0.518485 -1.70673 -1.57578 -0.851562 -0.857165 1.04185 0.978013 1.33613 1.34949 -0.00922471 -0.00344225 0.0216688 2.962 3.40063 2.15997 -0.41064 1.08449 -7.94556 -7.44046 3.61233 -0.145631 0.543119 -0.545232 -0.561783 0.326809 -1.95682 -1.88098 -0.692669 -0.885972 1.60073 1.84955 0.838368 1.31966 0.543671 -0.544265 -0.563349 0.33437 -1.95573 -1.81558 -0.739539 -0.893128 1.60787 1.70544 0.939313 1.32698 0.543794 -0.543533 -0.563544 0.394687 -1.86726 -1.69382 -0.808593 -0.891846 1.41876 1.36334 1.13259 1.34274 0.00948217 0.0225942 -0.0255384 0.482112 0.637871 2.02994 -1.34698 -0.172204 -1.20551 -5.00686 3.1711 0.308632 -0.00316655 0.00733023 0.00933301 1.72182 2.57584 2.52221 -1.3671 0.222299 -5.96625 -7.65194 4.38585 0.354624 6.89061 -7.6691 -8.7383 8.17539 2.35029 0.38956 0.870719 0.555728 -4.32015 -10.7556 3.76009 0.322153 5.39747 -7.81301 -9.24906 12 1.83237 -2.40357 2.19022 3.03122 -12 -12 6.46255 1.29217 0 0 0 2.95555 0.719379 0.000281793 3.32789 0.0586491 0.567474 0.540023 -0.543883 -0.562004 0.627372 -1.57618 -1.4972 -0.84651 -0.799784 0.74206 0.702076 1.46251 1.34004 -0.201738 -0.00993214 0.00815051 2.29238 3.10407 1.89243 0.480773 1.65202 -7.03645 -6.56474 2.75197 -0.358083 0.543671 -0.544265 -0.563349 0.33437 -1.95573 -1.81558 -0.739539 -0.893128 1.60787 1.70544 0.939313 1.32698 0.543794 -0.543533 -0.563544 0.394687 -1.86726 -1.69382 -0.808593 -0.891846 1.41876 1.36334 1.13259 1.34274 0.543461 -0.54356 -0.562618 0.518485 -1.70673 -1.57578 -0.851562 -0.857165 1.04185 0.978013 1.33613 1.34949 -0.00316655 0.00733023 0.00933301 1.72182 2.57584 2.52221 -1.3671 0.222299 -5.96625 -7.65194 4.38585 0.354624 -0.00922471 -0.00344225 0.0216688 2.962 3.40063 2.15997 -0.41064 1.08449 -7.94556 -7.44046 3.61233 -0.145631 5.39747 -7.81301 -9.24906 12 1.83237 -2.40357 2.19022 3.03122 -12 -12 6.46255 1.29217 3.16476 -6.30612 -9.32958 12 0.166356 -3.33359 2.99804 4.53784 -12 -12 5.00132 0.603485 0 0 0 2.952 0.715414 0.0071003 1.74576 1.54341 0.702033 0.525003 -0.544219 -0.561992 0.696102 -1.46273 -1.42923 -0.808245 -0.722282 0.490021 0.466855 1.54609 1.31685 -0.494991 -0.00500372 -0.00402348 1.41122 2.70724 1.52178 1.25334 2.1154 -5.91591 -5.27822 1.50975 -0.827038 0.543794 -0.543533 -0.563544 0.394687 -1.86726 -1.69382 -0.808593 -0.891846 1.41876 1.36334 1.13259 1.34274 0.543461 -0.54356 -0.562618 0.518485 -1.70673 -1.57578 -0.851562 -0.857165 1.04185 0.978013 1.33613 1.34949 0.540023 -0.543883 -0.562004 0.627372 -1.57618 -1.4972 -0.84651 -0.799784 0.74206 0.702076 1.46251 1.34004 -0.00922471 -0.00344225 0.0216688 2.962 3.40063 2.15997 -0.41064 1.08449 -7.94556 -7.44046 3.61233 -0.145631 -0.201738 -0.00993214 0.00815051 2.29238 3.10407 1.89243 0.480773 1.65202 -7.03645 -6.56474 2.75197 -0.358083 3.16476 -6.30612 -9.32958 12 0.166356 -3.33359 2.99804 4.53784 -12 -12 5.00132 0.603485 1.04929 -4.88172 -9.56531 12 -0.988282 -2.8508 3.01952 5.18944 -12 -12 3.23869 -0.606383 0 0 0 2.948 0.706455 0.00848614 0.613406 2.62125 0.756782 0.50156 -0.544095 -0.562281 0.736216 -1.37327 -1.38359 -0.745112 -0.630611 0.308604 0.304328 1.57648 1.27376 -0.645088 0.00988352 -0.00838796 0.783773 2.00516 0.944943 1.75907 2.38237 -3.81708 -3.43079 0.228621 -1.25079 0.543461 -0.54356 -0.562618 0.518485 -1.70673 -1.57578 -0.851562 -0.857165 1.04185 0.978013 1.33613 1.34949 0.540023 -0.543883 -0.562004 0.627372 -1.57618 -1.4972 -0.84651 -0.799784 0.74206 0.702076 1.46251 1.34004 0.525003 -0.544219 -0.561992 0.696102 -1.46273 -1.42923 -0.808245 -0.722282 0.490021 0.466855 1.54609 1.31685 -0.201738 -0.00993214 0.00815051 2.29238 3.10407 1.89243 0.480773 1.65202 -7.03645 -6.56474 2.75197 -0.358083 -0.494991 -0.00500372 -0.00402348 1.41122 2.70724 1.52178 1.25334 2.1154 -5.91591 -5.27822 1.50975 -0.827038 1.04929 -4.88172 -9.56531 12 -0.988282 -2.8508 3.01952 5.18944 -12 -12 3.23869 -0.606383 0.439134 -3.10427 -8.78997 10.7224 -0.668346 -2.26852 2.67545 4.87893 -12 -12 0.837239 -1.98675 0 0 0 2.94384 0.694387 0.00624032 -0.0364797 3.25379 0.805996 0.472897 -0.542026 -0.562558 0.756051 -1.30449 -1.35553 -0.669286 -0.533761 0.192212 0.198933 1.56297 1.22048 -0.729501 0.152964 -0.00442313 0.341424 1.58271 0.592225 1.98798 2.40858 -2.44064 -2.22212 -0.785488 -1.34463 0.540023 -0.543883 -0.562004 0.627372 -1.57618 -1.4972 -0.84651 -0.799784 0.74206 0.702076 1.46251 1.34004 0.525003 -0.544219 -0.561992 0.696102 -1.46273 -1.42923 -0.808245 -0.722282 0.490021 0.466855 1.54609 1.31685 0.50156 -0.544095 -0.562281 0.736216 -1.37327 -1.38359 -0.745112 -0.630611 0.308604 0.304328 1.57648 1.27376 -0.494991 -0.00500372 -0.00402348 1.41122 2.70724 1.52178 1.25334 2.1154 -5.91591 -5.27822 1.50975 -0.827038 -0.645088 0.00988352 -0.00838796 0.783773 2.00516 0.944943 1.75907 2.38237 -3.81708 -3.43079 0.228621 -1.25079 0.439134 -3.10427 -8.78997 10.7224 -0.668346 -2.26852 2.67545 4.87893 -12 -12 0.837239 -1.98675 0.452322 -1.48583 -7.74659 8.5561 -0.106704 -2.10077 2.40295 4.6282 -12 -12 -0.98309 -2.77921 0 0 0 2.93916 0.680295 0.00320953 0.0525144 3.63639 0.943369 0.445712 -0.524562 -0.562413 0.761462 -1.24714 -1.33682 -0.58642 -0.441967 0.117979 0.130971 1.5018 1.16891 -0.624585 0.607525 0.00936986 0.0242504 1.35908 0.386989 2.09601 2.19225 -1.55351 -1.42243 -1.9562 -1.22964 0.525003 -0.544219 -0.561992 0.696102 -1.46273 -1.42923 -0.808245 -0.722282 0.490021 0.466855 1.54609 1.31685 0.50156 -0.544095 -0.562281 0.736216 -1.37327 -1.38359 -0.745112 -0.630611 0.308604 0.304328 1.57648 1.27376 0.472897 -0.542026 -0.562558 0.756051 -1.30449 -1.35553 -0.669286 -0.533761 0.192212 0.198933 1.56297 1.22048 -0.645088 0.00988352 -0.00838796 0.783773 2.00516 0.944943 1.75907 2.38237 -3.81708 -3.43079 0.228621 -1.25079 -0.729501 0.152964 -0.00442313 0.341424 1.58271 0.592225 1.98798 2.40858 -2.44064 -2.22212 -0.785488 -1.34463 0.452322 -1.48583 -7.74659 8.5561 -0.106704 -2.10077 2.40295 4.6282 -12 -12 -0.98309 -2.77921 1.02055 0.0278673 -6.50711 4.80674 0.686143 -2.17316 1.9884 3.66003 -12 -12 -3.05764 -3.24891 0 0 0 2.93408 0.665785 0.000112057 -0.0941827 3.54232 1.00068 0.425057 -0.494478 -0.561687 0.755592 -1.19727 -1.32866 -0.50688 -0.362732 0.0711682 0.090784 1.40902 1.12497 -0.430092 0.7477 0.0229584 -0.269989 1.1647 0.0364442 1.87896 1.81691 -0.967637 -0.712708 -2.50176 -0.986801 0.50156 -0.544095 -0.562281 0.736216 -1.37327 -1.38359 -0.745112 -0.630611 0.308604 0.304328 1.57648 1.27376 0.472897 -0.542026 -0.562558 0.756051 -1.30449 -1.35553 -0.669286 -0.533761 0.192212 0.198933 1.56297 1.22048 0.445712 -0.524562 -0.562413 0.761462 -1.24714 -1.33682 -0.58642 -0.441967 0.117979 0.130971 1.5018 1.16891 -0.729501 0.152964 -0.00442313 0.341424 1.58271 0.592225 1.98798 2.40858 -2.44064 -2.22212 -0.785488 -1.34463 -0.624585 0.607525 0.00936986 0.0242504 1.35908 0.386989 2.09601 2.19225 -1.55351 -1.42243 -1.9562 -1.22964 1.02055 0.0278673 -6.50711 4.80674 0.686143 -2.17316 1.9884 3.66003 -12 -12 -3.05764 -3.24891 1.55395 0.601666 -5.49001 1.58432 1.07103 -3.12279 1.59073 2.52881 -12 -12 -4.24186 -3.54563 0 0 0 2.92915 0.652494 -0.00463673 -0.699461 3.14111 0.956886 0.413332 -0.469974 -0.560521 0.736144 -1.15633 -1.35107 -0.442074 -0.300404 0.0428711 0.113952 1.30469 1.08986 -0.197871 0.449542 0.0322066 -0.628759 0.916485 -1.12954 1.43766 1.39478 -0.566503 1.88428 -2.65746 -0.831754 0.472897 -0.542026 -0.562558 0.756051 -1.30449 -1.35553 -0.669286 -0.533761 0.192212 0.198933 1.56297 1.22048 0.445712 -0.524562 -0.562413 0.761462 -1.24714 -1.33682 -0.58642 -0.441967 0.117979 0.130971 1.5018 1.16891 0.425057 -0.494478 -0.561687 0.755592 -1.19727 -1.32866 -0.50688 -0.362732 0.0711682 0.090784 1.40902 1.12497 -0.624585 0.607525 0.00936986 0.0242504 1.35908 0.386989 2.09601 2.19225 -1.55351 -1.42243 -1.9562 -1.22964 -0.430092 0.7477 0.0229584 -0.269989 1.1647 0.0364442 1.87896 1.81691 -0.967637 -0.712708 -2.50176 -0.986801 1.55395 0.601666 -5.49001 1.58432 1.07103 -3.12279 1.59073 2.52881 -12 -12 -4.24186 -3.54563 2.16854 -0.177319 -4.51815 -1.16669 0.431349 -4.63879 0.300842 1.14927 -12 -7.97322 -5.18004 -3.76707 0 0 0 2.92506 0.641834 -0.0120171 -1.55616 2.38805 0.758712 0.413785 -0.469744 -0.559052 0.701975 -1.13146 -1.44546 -0.401204 -0.257172 0.0302512 0.302371 1.19855 1.05845 0.115407 -0.165592 0.0390137 -0.985815 0.466021 -2.51385 0.7841 0.907953 -0.190316 4.82801 -2.6285 -0.776199 0.445712 -0.524562 -0.562413 0.761462 -1.24714 -1.33682 -0.58642 -0.441967 0.117979 0.130971 1.5018 1.16891 0.425057 -0.494478 -0.561687 0.755592 -1.19727 -1.32866 -0.50688 -0.362732 0.0711682 0.090784 1.40902 1.12497 0.413332 -0.469974 -0.560521 0.736144 -1.15633 -1.35107 -0.442074 -0.300404 0.0428711 0.113952 1.30469 1.08986 -0.430092 0.7477 0.0229584 -0.269989 1.1647 0.0364442 1.87896 1.81691 -0.967637 -0.712708 -2.50176 -0.986801 -0.197871 0.449542 0.0322066 -0.628759 0.916485 -1.12954 1.43766 1.39478 -0.566503 1.88428 -2.65746 -0.831754 2.16854 -0.177319 -4.51815 -1.16669 0.431349 -4.63879 0.300842 1.14927 -12 -7.97322 -5.18004 -3.76707 2.56629 -1.14019 -3.85303 -2.14711 -0.827042 -6.37335 -0.961647 0.18533 -12 -3.58574 -5.89109 -4.1058 0 0 0 2.92214 0.633988 -0.0218647 -2.29386 1.65416 0.514641 0.424768 -0.486694 -0.557374 0.655138 -1.123 -1.55895 -0.384683 -0.231777 0.0304117 0.512698 1.09621 1.02672 0.390295 -0.631933 0.0433422 -1.26854 0.0205788 -3.24027 0.180802 0.459129 0.155616 6.07883 -2.51487 -0.814229 0.425057 -0.494478 -0.561687 0.755592 -1.19727 -1.32866 -0.50688 -0.362732 0.0711682 0.090784 1.40902 1.12497 0.413332 -0.469974 -0.560521 0.736144 -1.15633 -1.35107 -0.442074 -0.300404 0.0428711 0.113952 1.30469 1.08986 0.413785 -0.469744 -0.559052 0.701975 -1.13146 -1.44546 -0.401204 -0.257172 0.0302512 0.302371 1.19855 1.05845 -0.197871 0.449542 0.0322066 -0.628759 0.916485 -1.12954 1.43766 1.39478 -0.566503 1.88428 -2.65746 -0.831754 0.115407 -0.165592 0.0390137 -0.985815 0.466021 -2.51385 0.7841 0.907953 -0.190316 4.82801 -2.6285 -0.776199 2.56629 -1.14019 -3.85303 -2.14711 -0.827042 -6.37335 -0.961647 0.18533 -12 -3.58574 -5.89109 -4.1058 2.78241 -2.02155 -3.21918 -2.27431 -2.61137 -8.17059 -2.46651 -0.851527 -10.8125 1.01345 -6.42911 -4.37302 0 0 0 2.92059 0.629401 -0.0336387 -2.95969 0.786325 0.223824 0.449248 -0.522421 -0.555607 0.599032 -1.13993 -1.69865 -0.392279 -0.225833 0.0596591 0.766681 0.999329 0.993914 0.78793 -1.09632 0.0437457 -1.46871 -0.789711 -3.74349 -0.423288 -0.059968 1.29415 6.7866 -2.34272 -0.794807 0.413332 -0.469974 -0.560521 0.736144 -1.15633 -1.35107 -0.442074 -0.300404 0.0428711 0.113952 1.30469 1.08986 0.413785 -0.469744 -0.559052 0.701975 -1.13146 -1.44546 -0.401204 -0.257172 0.0302512 0.302371 1.19855 1.05845 0.424768 -0.486694 -0.557374 0.655138 -1.123 -1.55895 -0.384683 -0.231777 0.0304117 0.512698 1.09621 1.02672 0.115407 -0.165592 0.0390137 -0.985815 0.466021 -2.51385 0.7841 0.907953 -0.190316 4.82801 -2.6285 -0.776199 0.390295 -0.631933 0.0433422 -1.26854 0.0205788 -3.24027 0.180802 0.459129 0.155616 6.07883 -2.51487 -0.814229 2.78241 -2.02155 -3.21918 -2.27431 -2.61137 -8.17059 -2.46651 -0.851527 -10.8125 1.01345 -6.42911 -4.37302 3.09253 -2.8116 -3.07772 -2.16946 -4.28716 -9.22839 -3.43827 -2.01064 -7.81973 4.37304 -6.75866 -4.75332 0 0 0 2.92001 0.628167 -0.0461578 -3.00969 0.0505443 0.087366 0.491361 -0.562677 -0.553805 0.538213 -1.18468 -1.84702 -0.421502 -0.24115 0.120289 1.02907 0.907281 0.961539 1.25754 -0.840965 0.0455715 -1.5325 -1.49439 -3.67596 -0.899555 -0.576988 2.15041 6.50994 -2.28448 -0.841559 0.413785 -0.469744 -0.559052 0.701975 -1.13146 -1.44546 -0.401204 -0.257172 0.0302512 0.302371 1.19855 1.05845 0.424768 -0.486694 -0.557374 0.655138 -1.123 -1.55895 -0.384683 -0.231777 0.0304117 0.512698 1.09621 1.02672 0.449248 -0.522421 -0.555607 0.599032 -1.13993 -1.69865 -0.392279 -0.225833 0.0596591 0.766681 0.999329 0.993914 0.390295 -0.631933 0.0433422 -1.26854 0.0205788 -3.24027 0.180802 0.459129 0.155616 6.07883 -2.51487 -0.814229 0.78793 -1.09632 0.0437457 -1.46871 -0.789711 -3.74349 -0.423288 -0.059968 1.29415 6.7866 -2.34272 -0.794807 3.09253 -2.8116 -3.07772 -2.16946 -4.28716 -9.22839 -3.43827 -2.01064 -7.81973 4.37304 -6.75866 -4.75332 3.88303 -3.96824 -3.63619 -1.7333 -6.12037 -9.54742 -4.11308 -3.11142 -5.24564 6.93447 -6.79347 -4.84254 0 0 0 2.91944 0.629581 -0.0590288 -3.4921 -0.474558 0.12725 0.550304 -0.587596 -0.55212 0.475703 -1.2579 -1.98852 -0.466952 -0.276476 0.219624 1.28112 0.816171 0.921744 1.4241 -0.50691 0.0363993 -1.6192 -2.00227 -3.36124 -1.23498 -1.00891 2.75716 6.01553 -2.33546 -1.26169 0.424768 -0.486694 -0.557374 0.655138 -1.123 -1.55895 -0.384683 -0.231777 0.0304117 0.512698 1.09621 1.02672 0.449248 -0.522421 -0.555607 0.599032 -1.13993 -1.69865 -0.392279 -0.225833 0.0596591 0.766681 0.999329 0.993914 0.491361 -0.562677 -0.553805 0.538213 -1.18468 -1.84702 -0.421502 -0.24115 0.120289 1.02907 0.907281 0.961539 0.78793 -1.09632 0.0437457 -1.46871 -0.789711 -3.74349 -0.423288 -0.059968 1.29415 6.7866 -2.34272 -0.794807 1.25754 -0.840965 0.0455715 -1.5325 -1.49439 -3.67596 -0.899555 -0.576988 2.15041 6.50994 -2.28448 -0.841559 3.88303 -3.96824 -3.63619 -1.7333 -6.12037 -9.54742 -4.11308 -3.11142 -5.24564 6.93447 -6.79347 -4.84254 4.47148 -4.72887 -4.57584 -1.43387 -7.3778 -8.8931 -4.33216 -4.34483 -3.28658 8.24244 -6.86684 -5.27347 0 0 0 2.91868 0.631593 -0.0723816 -2.58346 -0.48263 0.109793 0.593569 -0.601613 -0.552188 0.411041 -1.34138 -2.1079 -0.51762 -0.323741 0.341952 1.49699 0.760669 0.850477 0.900236 -0.265307 -0.0317787 -1.5599 -2.15196 -2.71169 -1.20531 -1.25766 3.38143 4.91817 -0.568337 -2.1482 0.449248 -0.522421 -0.555607 0.599032 -1.13993 -1.69865 -0.392279 -0.225833 0.0596591 0.766681 0.999329 0.993914 0.491361 -0.562677 -0.553805 0.538213 -1.18468 -1.84702 -0.421502 -0.24115 0.120289 1.02907 0.907281 0.961539 0.550304 -0.587596 -0.55212 0.475703 -1.2579 -1.98852 -0.466952 -0.276476 0.219624 1.28112 0.816171 0.921744 1.25754 -0.840965 0.0455715 -1.5325 -1.49439 -3.67596 -0.899555 -0.576988 2.15041 6.50994 -2.28448 -0.841559 1.4241 -0.50691 0.0363993 -1.6192 -2.00227 -3.36124 -1.23498 -1.00891 2.75716 6.01553 -2.33546 -1.26169 4.47148 -4.72887 -4.57584 -1.43387 -7.3778 -8.8931 -4.33216 -4.34483 -3.28658 8.24244 -6.86684 -5.27347 4.49853 -4.71581 -5.80032 -1.89185 -7.55072 -7.24081 -3.91151 -5.97337 -1.86634 7.91043 -7.23697 -6.66477 0 0 0 2.91699 0.63284 -0.079551 -0.964494 -0.182131 0.527709 0.619857 -0.606275 -0.554574 0.350149 -1.42731 -2.19369 -0.559184 -0.383281 0.487954 1.65776 0.767643 0.755463 0.526696 0.00139568 -0.0719283 -1.521 -2.18421 -1.65362 -0.924073 -1.62299 4.02582 3.17795 0.491004 -2.48771 0.491361 -0.562677 -0.553805 0.538213 -1.18468 -1.84702 -0.421502 -0.24115 0.120289 1.02907 0.907281 0.961539 0.550304 -0.587596 -0.55212 0.475703 -1.2579 -1.98852 -0.466952 -0.276476 0.219624 1.28112 0.816171 0.921744 0.593569 -0.601613 -0.552188 0.411041 -1.34138 -2.1079 -0.51762 -0.323741 0.341952 1.49699 0.760669 0.850477 1.4241 -0.50691 0.0363993 -1.6192 -2.00227 -3.36124 -1.23498 -1.00891 2.75716 6.01553 -2.33546 -1.26169 0.900236 -0.265307 -0.0317787 -1.5599 -2.15196 -2.71169 -1.20531 -1.25766 3.38143 4.91817 -0.568337 -2.1482 4.49853 -4.71581 -5.80032 -1.89185 -7.55072 -7.24081 -3.91151 -5.97337 -1.86634 7.91043 -7.23697 -6.66477 4.69106 -4.65409 -6.68896 -1.85405 -6.94612 -5.34147 -3.18728 -6.29964 -0.158166 6.88063 -7.22179 -7.75363 0 0 0 2.91245 0.633344 -0.0822713 0.519693 -0.278868 1.10503 0.633953 -0.601496 -0.557596 0.303781 -1.50772 -2.2289 -0.591211 -0.456804 0.651058 1.73318 0.800593 0.711914 0.258436 0.165542 -0.0737355 -0.817121 -1.86758 -0.352044 -0.760708 -1.88866 4.14371 0.825415 1.00872 0.0870912 0.550304 -0.587596 -0.55212 0.475703 -1.2579 -1.98852 -0.466952 -0.276476 0.219624 1.28112 0.816171 0.921744 0.593569 -0.601613 -0.552188 0.411041 -1.34138 -2.1079 -0.51762 -0.323741 0.341952 1.49699 0.760669 0.850477 0.619857 -0.606275 -0.554574 0.350149 -1.42731 -2.19369 -0.559184 -0.383281 0.487954 1.65776 0.767643 0.755463 0.900236 -0.265307 -0.0317787 -1.5599 -2.15196 -2.71169 -1.20531 -1.25766 3.38143 4.91817 -0.568337 -2.1482 0.526696 0.00139568 -0.0719283 -1.521 -2.18421 -1.65362 -0.924073 -1.62299 4.02582 3.17795 0.491004 -2.48771 4.69106 -4.65409 -6.68896 -1.85405 -6.94612 -5.34147 -3.18728 -6.29964 -0.158166 6.88063 -7.22179 -7.75363 4.47155 -4.34927 -7.35321 -1.94306 -4.82148 -2.33059 -1.21131 -5.98032 2.20495 3.83924 -5.71488 -7.95114 0 0 0 2.90578 0.634089 -0.0822861 1.16893 -0.402209 1.44974 0.639116 -0.59451 -0.560097 0.286643 -1.56211 -2.20814 -0.623048 -0.525639 0.792623 1.6992 0.860892 0.749692 0.0583376 0.173167 -0.0502469 -0.243044 -0.890113 1.12823 -0.917578 -1.67282 2.71003 -2.26701 2.07949 1.38867 0.593569 -0.601613 -0.552188 0.411041 -1.34138 -2.1079 -0.51762 -0.323741 0.341952 1.49699 0.760669 0.850477 0.619857 -0.606275 -0.554574 0.350149 -1.42731 -2.19369 -0.559184 -0.383281 0.487954 1.65776 0.767643 0.755463 0.633953 -0.601496 -0.557596 0.303781 -1.50772 -2.2289 -0.591211 -0.456804 0.651058 1.73318 0.800593 0.711914 0.526696 0.00139568 -0.0719283 -1.521 -2.18421 -1.65362 -0.924073 -1.62299 4.02582 3.17795 0.491004 -2.48771 0.258436 0.165542 -0.0737355 -0.817121 -1.86758 -0.352044 -0.760708 -1.88866 4.14371 0.825415 1.00872 0.0870912 4.47155 -4.34927 -7.35321 -1.94306 -4.82148 -2.33059 -1.21131 -5.98032 2.20495 3.83924 -5.71488 -7.95114 4.04597 -4.65559 -7.33209 -0.337302 -1.30204 0.246258 0.127034 -4.02365 3.92824 -0.369418 -2.57108 -5.74862 0 0 0 2.89802 0.635662 -0.0807241 1.95385 -0.759333 1.50038 0.63748 -0.587905 -0.56129 0.287043 -1.56402 -2.12932 -0.666592 -0.588771 0.840268 1.52598 0.981229 0.822301 -0.0985037 0.158013 -0.0161409 0.201553 0.658447 2.47594 -1.33533 -1.53802 -0.39501 -5.85613 4.02941 2.04189 0.619857 -0.606275 -0.554574 0.350149 -1.42731 -2.19369 -0.559184 -0.383281 0.487954 1.65776 0.767643 0.755463 0.633953 -0.601496 -0.557596 0.303781 -1.50772 -2.2289 -0.591211 -0.456804 0.651058 1.73318 0.800593 0.711914 0.639116 -0.59451 -0.560097 0.286643 -1.56211 -2.20814 -0.623048 -0.525639 0.792623 1.6992 0.860892 0.749692 0.258436 0.165542 -0.0737355 -0.817121 -1.86758 -0.352044 -0.760708 -1.88866 4.14371 0.825415 1.00872 0.0870912 0.0583376 0.173167 -0.0502469 -0.243044 -0.890113 1.12823 -0.917578 -1.67282 2.71003 -2.26701 2.07949 1.38867 4.04597 -4.65559 -7.33209 -0.337302 -1.30204 0.246258 0.127034 -4.02365 3.92824 -0.369418 -2.57108 -5.74862 4.42068 -6.01201 -7.69824 3.09482 1.96093 1.25696 1.11827 -1.25147 1.66053 -6.31545 1.54265 -2.44028 0 0 0 2.89127 0.639853 -0.0727993 3.63693 -1.22692 1.18164 0.627557 -0.582329 -0.561205 0.312992 -1.47948 -2.01857 -0.727372 -0.639257 0.66373 1.23626 1.20152 0.908023 -0.261286 0.129032 0.00969406 0.917859 2.64913 2.86931 -1.41241 -1.05673 -5.88006 -7.74644 5.83891 2.1373 0.633953 -0.601496 -0.557596 0.303781 -1.50772 -2.2289 -0.591211 -0.456804 0.651058 1.73318 0.800593 0.711914 0.639116 -0.59451 -0.560097 0.286643 -1.56211 -2.20814 -0.623048 -0.525639 0.792623 1.6992 0.860892 0.749692 0.63748 -0.587905 -0.56129 0.287043 -1.56402 -2.12932 -0.666592 -0.588771 0.840268 1.52598 0.981229 0.822301 0.0583376 0.173167 -0.0502469 -0.243044 -0.890113 1.12823 -0.917578 -1.67282 2.71003 -2.26701 2.07949 1.38867 -0.0985037 0.158013 -0.0161409 0.201553 0.658447 2.47594 -1.33533 -1.53802 -0.39501 -5.85613 4.02941 2.04189 4.42068 -6.01201 -7.69824 3.09482 1.96093 1.25696 1.11827 -1.25147 1.66053 -6.31545 1.54265 -2.44028 4.88767 -7.40926 -7.97031 7.61487 2.84268 0.520891 1.36062 1.22203 -3.79343 -12 5.92402 0.381125 0 0 0 2.8857 0.643346 -0.0579479 5.03619 -0.652067 0.961994 0.617455 -0.577775 -0.560627 0.366976 -1.37047 -1.90621 -0.764107 -0.662292 0.426166 0.92616 1.42753 0.984423 -0.247273 0.10577 0.0153088 1.60148 2.54267 2.69683 -0.538039 -0.207087 -5.35964 -7.53977 5.33071 1.66366 0.639116 -0.59451 -0.560097 0.286643 -1.56211 -2.20814 -0.623048 -0.525639 0.792623 1.6992 0.860892 0.749692 0.63748 -0.587905 -0.56129 0.287043 -1.56402 -2.12932 -0.666592 -0.588771 0.840268 1.52598 0.981229 0.822301 0.627557 -0.582329 -0.561205 0.312992 -1.47948 -2.01857 -0.727372 -0.639257 0.66373 1.23626 1.20152 0.908023 -0.0985037 0.158013 -0.0161409 0.201553 0.658447 2.47594 -1.33533 -1.53802 -0.39501 -5.85613 4.02941 2.04189 -0.261286 0.129032 0.00969406 0.917859 2.64913 2.86931 -1.41241 -1.05673 -5.88006 -7.74644 5.83891 2.1373 4.88767 -7.40926 -7.97031 7.61487 2.84268 0.520891 1.36062 1.22203 -3.79343 -12 5.92402 0.381125 3.96979 -8.31139 -9.15158 12 1.59438 -2.0923 2.57306 3.63339 -12 -12 8.93071 1.83259 0 0 0 2.88178 0.644127 -0.0365865 6.51525 0.0172322 0.661477 0.607676 -0.573936 -0.560034 0.448694 -1.28578 -1.80966 -0.760617 -0.646964 0.262713 0.649017 1.61513 1.03216 -0.251325 0.0924941 0.0134722 2.30721 1.88248 2.2426 0.495926 0.754467 -3.41601 -6.5496 4.09643 0.857068 0.63748 -0.587905 -0.56129 0.287043 -1.56402 -2.12932 -0.666592 -0.588771 0.840268 1.52598 0.981229 0.822301 0.627557 -0.582329 -0.561205 0.312992 -1.47948 -2.01857 -0.727372 -0.639257 0.66373 1.23626 1.20152 0.908023 0.617455 -0.577775 -0.560627 0.366976 -1.37047 -1.90621 -0.764107 -0.662292 0.426166 0.92616 1.42753 0.984423 -0.261286 0.129032 0.00969406 0.917859 2.64913 2.86931 -1.41241 -1.05673 -5.88006 -7.74644 5.83891 2.1373 -0.247273 0.10577 0.0153088 1.60148 2.54267 2.69683 -0.538039 -0.207087 -5.35964 -7.53977 5.33071 1.66366 3.96979 -8.31139 -9.15158 12 1.59438 -2.0923 2.57306 3.63339 -12 -12 8.93071 1.83259 1.93854 -7.57671 -9.70741 12 -0.32804 -2.91563 3.31088 4.9967 -12 -12 7.78994 1.00388 0 0 0 2.87877 0.641742 -0.00330663 6.2562 1.13076 0.463888 0.587197 -0.569632 -0.559624 0.577741 -1.2082 -1.71532 -0.705971 -0.580766 0.141007 0.368273 1.77617 1.04028 -0.721813 0.0814758 -0.0013744 2.31604 1.41226 1.64913 1.48342 1.65753 -1.8902 -4.68873 2.48993 -0.340074 0.627557 -0.582329 -0.561205 0.312992 -1.47948 -2.01857 -0.727372 -0.639257 0.66373 1.23626 1.20152 0.908023 0.617455 -0.577775 -0.560627 0.366976 -1.37047 -1.90621 -0.764107 -0.662292 0.426166 0.92616 1.42753 0.984423 0.607676 -0.573936 -0.560034 0.448694 -1.28578 -1.80966 -0.760617 -0.646964 0.262713 0.649017 1.61513 1.03216 -0.247273 0.10577 0.0153088 1.60148 2.54267 2.69683 -0.538039 -0.207087 -5.35964 -7.53977 5.33071 1.66366 -0.251325 0.0924941 0.0134722 2.30721 1.88248 2.2426 0.495926 0.754467 -3.41601 -6.5496 4.09643 0.857068 1.93854 -7.57671 -9.70741 12 -0.32804 -2.91563 3.31088 4.9967 -12 -12 7.78994 1.00388 -0.157079 -6.05423 -10.1575 12 -1.59269 -2.63714 3.30158 5.22853 -12 -12 5.40623 -0.408359
