cmd 0 0 0
base_rpy 2.59554 0.826287 -0.103384
projected_gravity -0.73542 0.0699295 -0.673993
body_omega -1.28202 -2.79695 0.49794
base_acc 2.26231 -0.462384 0.716836
omega_world 0.182993 -3.08408 -0.41163
base_quat_wxyz 0.886355 0.0625467 -0.398863 0.226653
base_rot_mat 0.579074 -0.451685 -0.678715 0.351895 0.889433 -0.291684 0.73542 -0.0699295 0.673993
joint_pos_policy 0.560343 -0.561698 -0.562593 0.577202 -2.75995 0.775562 -1.03139 -1.31445 3.24692 3.25782 1.38282 1.3023
joint_vel_policy -0.00558765 0.00162764 0.00395629 -0.0531463 0.130204 0.0885077 -0.738939 -0.73277 -0.0481205 -0.0417658 0.579902 0.597548
obs_contract cmd:3 base_rpy:3 body_omega:3 joint_pos:12 joint_vel:12 joint_pos_history:36 joint_vel_history:24 action_history:24
parity_build_id 2026-02-16-rpy-from-quat-history-abs-noise0-quat-fallback-rpy-actionhist-zero-delay1-rpy-step0-pi-canonical-neg
base_rpy_mode legacy_xyzw_from_rotmat_step0_pi_canonical_neg
history_frame_push_mode single_first_step
action_history_mode training_parity_zero_seed_delay1
history_seed_file_loaded 0
history_seed_file_used 0
history_seed_file_path none
joint_pos_history 0.561431 -0.561087 -0.562869 0.584885 -2.7803 0.627128 -0.951605 -1.22255 3.23813 3.2608 1.29386 1.25223 0.560996 -0.561531 -0.562817 0.582367 -2.7732 0.713446 -0.972714 -1.2487 3.24509 3.26071 1.32346 1.26117 0.560587 -0.561724 -0.562728 0.579394 -2.76541 0.764544 -1.00316 -1.28502 3.24794 3.25939 1.35873 1.28073
pos_hist 0.561431 -0.561087 -0.562869 0.584885 -2.7803 0.627128 -0.951605 -1.22255 3.23813 3.2608 1.29386 1.25223 0.560996 -0.561531 -0.562817 0.582367 -2.7732 0.713446 -0.972714 -1.2487 3.24509 3.26071 1.32346 1.26117 0.560587 -0.561724 -0.562728 0.579394 -2.76541 0.764544 -1.00316 -1.28502 3.24794 3.25939 1.35873 1.28073
joint_vel_history -0.00988084 -0.00826354 0.00123533 -0.0620456 0.169909 1.70649 -0.55354 -0.686588 0.128117 -0.0122809 0.746361 0.276079 -0.00706116 -0.00141391 0.00251383 -0.0576013 0.146959 0.634159 -0.658777 -0.748599 0.013674 -0.033763 0.665555 0.494572
vel_hist -0.00988084 -0.00826354 0.00123533 -0.0620456 0.169909 1.70649 -0.55354 -0.686588 0.128117 -0.0122809 0.746361 0.276079 -0.00706116 -0.00141391 0.00251383 -0.0576013 0.146959 0.634159 -0.658777 -0.748599 0.013674 -0.033763 0.665555 0.494572
action_history 12 -12 -12 7.51507 -12 12 -1.68356 -3.1165 12 12 0.0256862 -0.923402 12 -12 -12 8.53598 -12 12 -2.40719 -2.6349 11.7577 12 -0.146478 -0.127003
tgt_hist 12 -12 -12 7.51507 -12 12 -1.68356 -3.1165 12 12 0.0256862 -0.923402 12 -12 -12 8.53598 -12 12 -2.40719 -2.6349 11.7577 12 -0.146478 -0.127003
action_raw 12 -12 -12 9.19497 -12 12 -2.65642 -2.61775 11.3191 12 0.0643209 0.466942
action_offset 3 -3 -3 2.29874 -3 3 -0.664105 -0.654437 2.82977 3 0.0160802 0.116736
target_joint_pos_policy 2.9846 -2.98401 -3.02213 2.32119 -3.76697 2.23171 -1.42997 -1.42164 4.36738 4.53636 1.56396 1.66353
target_joint_pos 2.9846 -3.76697 4.36738 -2.98401 2.23171 4.53636 -3.02213 -1.42997 1.56396 2.32119 -1.42164 1.66353
joint_limits_lower -0.51777 -2.6433 0.51876 -0.51777 -2.6433 0.51876 -0.51777 -2.6433 0.51876 -0.51777 -2.6433 0.51876
joint_limits_upper 0.51777 0.31086 2.76408 0.51777 0.31086 2.76408 0.51777 0.31086 2.76408 0.51777 0.31086 2.76408
effort_limits 24 24 36 24 24 36 24 24 36 24 24 36
target_joint_pos_clipped 0.51777 -2.6433 2.76408 -0.51777 0.31086 2.76408 -0.51777 -1.42997 1.56396 0.51777 -1.42164 1.66353
pd_tau_raw 48.489 -20.2315 22.4429 -48.4474 29.0611 25.6001 -49.1936 -7.45433 3.21695 34.9169 -1.63091 6.80628
pd_tau_clipped 24 -20.2315 22.4429 -24 24 25.6001 -24 -7.45433 3.21695 24 -1.63091 6.80628
obs_flat 0 0 0 2.59554 0.826287 -0.103384 -1.28202 -2.79695 0.49794 0.560343 -0.561698 -0.562593 0.577202 -2.75995 0.775562 -1.03139 -1.31445 3.24692 3.25782 1.38282 1.3023 -0.00558765 0.00162764 0.00395629 -0.0531463 0.130204 0.0885077 -0.738939 -0.73277 -0.0481205 -0.0417658 0.579902 0.597548 0.561431 -0.561087 -0.562869 0.584885 -2.7803 0.627128 -0.951605 -1.22255 3.23813 3.2608 1.29386 1.25223 0.560996 -0.561531 -0.562817 0.582367 -2.7732 0.713446 -0.972714 -1.2487 3.24509 3.26071 1.32346 1.26117 0.560587 -0.561724 -0.562728 0.579394 -2.76541 0.764544 -1.00316 -1.28502 3.24794 3.25939 1.35873 1.28073 -0.00988084 -0.00826354 0.00123533 -0.0620456 0.169909 1.70649 -0.55354 -0.686588 0.128117 -0.0122809 0.746361 0.276079 -0.00706116 -0.00141391 0.00251383 -0.0576013 0.146959 0.634159 -0.658777 -0.748599 0.013674 -0.033763 0.665555 0.494572 12 -12 -12 7.51507 -12 12 -1.68356 -3.1165 12 12 0.0256862 -0.923402 12 -12 -12 8.53598 -12 12 -2.40719 -2.6349 11.7577 12 -0.146478 -0.127003 0 0 0 2.73841 0.53882 -0.0703693 -0.675672 0.358679 0.749757 0.273914 -0.492345 -0.554335 0.587028 -1.03857 -1.57125 -0.204381 -0.222094 0.0808787 0.129338 0.995429 0.809635 0.0197045 -0.0379474 0.0125682 -1.05182 0.00736044 -1.16049 0.646582 0.186235 -0.244486 3.00402 -2.13856 -0.757466 0.259121 -0.54656 -0.555456 0.648245 -1.05536 -1.58246 -0.318473 -0.323637 0.130655 0.0895562 1.21084 0.912682 0.266735 -0.524019 -0.555211 0.646216 -1.04743 -1.55708 -0.280078 -0.274209 0.11132 0.0541318 1.16399 0.875979 0.271743 -0.501261 -0.554882 0.630047 -1.04157 -1.54202 -0.242621 -0.241233 0.0955482 0.0426868 1.09696 0.846322 0.170229 0.619844 0.00700407 -0.17241 0.18057 0.580036 0.979306 1.07238 -0.447481 -0.710637 -1.42662 -0.81166 0.0937974 0.462934 0.00879211 -0.562441 0.121882 0.180745 0.906306 0.671316 -0.360614 0.0616078 -1.85392 -0.717866 0.942606 -0.454371 -5.58927 -1.28598 0.786386 -3.39868 1.74616 0.0242565 -12 -11.348 -4.44083 -4.85213 1.37774 -0.951434 -4.80221 -2.64633 0.00302245 -5.15921 1.19686 -0.844442 -12 -6.58498 -5.34946 -5.15281 0 0 0 2.73515 0.538241 -0.076586 -1.39391 -0.126753 0.650316 0.27485 -0.502071 -0.553733 0.536902 -1.04274 -1.63633 -0.187002 -0.224833 0.0750476 0.286667 0.91143 0.778901 0.0492267 -0.426603 0.0164591 -1.36179 -0.221818 -2.16302 0.274265 -0.245627 -0.0378942 5.17975 -2.03856 -0.749795 0.266735 -0.524019 -0.555211 0.646216 -1.04743 -1.55708 -0.280078 -0.274209 0.11132 0.0541318 1.16399 0.875979 0.271743 -0.501261 -0.554882 0.630047 -1.04157 -1.54202 -0.242621 -0.241233 0.0955482 0.0426868 1.09696 0.846322 0.273914 -0.492345 -0.554335 0.587028 -1.03857 -1.57125 -0.204381 -0.222094 0.0808787 0.129338 0.995429 0.809635 0.0937974 0.462934 0.00879211 -0.562441 0.121882 0.180745 0.906306 0.671316 -0.360614 0.0616078 -1.85392 -0.717866 0.0197045 -0.0379474 0.0125682 -1.05182 0.00736044 -1.16049 0.646582 0.186235 -0.244486 3.00402 -2.13856 -0.757466 1.37774 -0.951434 -4.80221 -2.64633 0.00302245 -5.15921 1.19686 -0.844442 -12 -6.58498 -5.34946 -5.15281 1.65704 -1.60801 -4.2985 -3.16682 -1.28281 -6.93577 0.220537 -1.64606 -12 -2.1646 -6.14081 -5.43013 0 0 0 2.73225 0.539998 -0.0849722 -1.89311 -0.697725 0.55161 0.279186 -0.523628 -0.552986 0.476461 -1.05921 -1.72646 -0.185579 -0.245083 0.0797106 0.492473 0.832245 0.746249 0.14909 -0.586693 0.0197027 -1.59095 -0.530038 -2.35298 -0.0876153 -0.642875 0.215486 5.2784 -1.9963 -0.942141 0.271743 -0.501261 -0.554882 0.630047 -1.04157 -1.54202 -0.242621 -0.241233 0.0955482 0.0426868 1.09696 0.846322 0.273914 -0.492345 -0.554335 0.587028 -1.03857 -1.57125 -0.204381 -0.222094 0.0808787 0.129338 0.995429 0.809635 0.27485 -0.502071 -0.553733 0.536902 -1.04274 -1.63633 -0.187002 -0.224833 0.0750476 0.286667 0.91143 0.778901 0.0197045 -0.0379474 0.0125682 -1.05182 0.00736044 -1.16049 0.646582 0.186235 -0.244486 3.00402 -2.13856 -0.757466 0.0492267 -0.426603 0.0164591 -1.36179 -0.221818 -2.16302 0.274265 -0.245627 -0.0378942 5.17975 -2.03856 -0.749795 1.65704 -1.60801 -4.2985 -3.16682 -1.28281 -6.93577 0.220537 -1.64606 -12 -2.1646 -6.14081 -5.43013 1.91404 -2.37673 -4.11002 -3.13408 -3.09799 -8.18049 -0.925428 -2.89273 -8.92782 1.99562 -6.40309 -5.6397 0 0 0 2.72918 0.544473 -0.0931785 -1.18225 -1.59942 0.552138 0.291352 -0.541484 -0.552241 0.418597 -1.08939 -1.82131 -0.197669 -0.280531 0.097227 0.700335 0.766842 0.717708 0.465264 -0.370797 0.0137841 -1.10879 -0.958293 -2.42605 -0.458767 -1.00805 0.737004 5.2351 -1.00273 -0.172065 0.273914 -0.492345 -0.554335 0.587028 -1.03857 -1.57125 -0.204381 -0.222094 0.0808787 0.129338 0.995429 0.809635 0.27485 -0.502071 -0.553733 0.536902 -1.04274 -1.63633 -0.187002 -0.224833 0.0750476 0.286667 0.91143 0.778901 0.279186 -0.523628 -0.552986 0.476461 -1.05921 -1.72646 -0.185579 -0.245083 0.0797106 0.492473 0.832245 0.746249 0.0492267 -0.426603 0.0164591 -1.36179 -0.221818 -2.16302 0.274265 -0.245627 -0.0378942 5.17975 -2.03856 -0.749795 0.14909 -0.586693 0.0197027 -1.59095 -0.530038 -2.35298 -0.0876153 -0.642875 0.215486 5.2784 -1.9963 -0.942141 1.91404 -2.37673 -4.11002 -3.13408 -3.09799 -8.18049 -0.925428 -2.89273 -8.92782 1.99562 -6.40309 -5.6397 1.78514 -2.32932 -4.19305 -3.33357 -3.81087 -8.45405 -1.24748 -4.04519 -7.22314 3.17118 -6.80689 -6.43659 0 0 0 2.72545 0.551979 -0.0972594 -0.234783 -2.03169 0.678811 0.320196 -0.552326 -0.552249 0.393198 -1.1455 -1.91571 -0.221307 -0.323253 0.162779 0.904251 0.75888 0.736801 0.842915 -0.218085 -0.00906296 -0.412475 -1.60028 -2.26979 -0.629246 -1.08233 2.03392 4.94453 0.156411 0.7707 0.27485 -0.502071 -0.553733 0.536902 -1.04274 -1.63633 -0.187002 -0.224833 0.0750476 0.286667 0.91143 0.778901 0.279186 -0.523628 -0.552986 0.476461 -1.05921 -1.72646 -0.185579 -0.245083 0.0797106 0.492473 0.832245 0.746249 0.291352 -0.541484 -0.552241 0.418597 -1.08939 -1.82131 -0.197669 -0.280531 0.097227 0.700335 0.766842 0.717708 0.14909 -0.586693 0.0197027 -1.59095 -0.530038 -2.35298 -0.0876153 -0.642875 0.215486 5.2784 -1.9963 -0.942141 0.465264 -0.370797 0.0137841 -1.10879 -0.958293 -2.42605 -0.458767 -1.00805 0.737004 5.2351 -1.00273 -0.172065 1.78514 -2.32932 -4.19305 -3.33357 -3.81087 -8.45405 -1.24748 -4.04519 -7.22314 3.17118 -6.80689 -6.43659 2.16624 -2.67933 -4.80084 -3.15857 -4.70205 -7.99599 -1.55833 -5.04098 -5.13949 4.29598 -7.00056 -6.91903 0 0 0 2.71935 0.561185 -0.0998698 0.286791 -1.83413 0.921663 0.369541 -0.559254 -0.553365 0.385607 -1.23164 -2.0204 -0.251502 -0.375863 0.270925 1.14166 0.783769 0.790039 1.11084 -0.0945802 -0.0295213 -0.0245576 -1.92186 -2.03291 -0.582632 -1.01486 2.56305 4.82657 0.654997 1.17976 0.279186 -0.523628 -0.552986 0.476461 -1.05921 -1.72646 -0.185579 -0.245083 0.0797106 0.492473 0.832245 0.746249 0.291352 -0.541484 -0.552241 0.418597 -1.08939 -1.82131 -0.197669 -0.280531 0.097227 0.700335 0.766842 0.717708 0.320196 -0.552326 -0.552249 0.393198 -1.1455 -1.91571 -0.221307 -0.323253 0.162779 0.904251 0.75888 0.736801 0.465264 -0.370797 0.0137841 -1.10879 -0.958293 -2.42605 -0.458767 -1.00805 0.737004 5.2351 -1.00273 -0.172065 0.842915 -0.218085 -0.00906296 -0.412475 -1.60028 -2.26979 -0.629246 -1.08233 2.03392 4.94453 0.156411 0.7707 2.16624 -2.67933 -4.80084 -3.15857 -4.70205 -7.99599 -1.55833 -5.04098 -5.13949 4.29598 -7.00056 -6.91903 2.31668 -2.96424 -5.57144 -3.15683 -5.27651 -6.9357 -1.24285 -5.68521 -3.18082 4.65044 -6.72446 -7.51943 0 0 0 2.71387 0.567615 -0.101228 0.443593 -1.68088 0.995235 0.419454 -0.561461 -0.554754 0.388159 -1.31299 -2.0973 -0.273305 -0.414098 0.377313 1.3368 0.813027 0.838256 1.36115 -0.0354929 -0.0364157 0.106481 -2.14785 -1.88122 -0.534986 -0.9215 2.8096 4.99449 0.771691 1.20368 0.291352 -0.541484 -0.552241 0.418597 -1.08939 -1.82131 -0.197669 -0.280531 0.097227 0.700335 0.766842 0.717708 0.320196 -0.552326 -0.552249 0.393198 -1.1455 -1.91571 -0.221307 -0.323253 0.162779 0.904251 0.75888 0.736801 0.369541 -0.559254 -0.553365 0.385607 -1.23164 -2.0204 -0.251502 -0.375863 0.270925 1.14166 0.783769 0.790039 0.842915 -0.218085 -0.00906296 -0.412475 -1.60028 -2.26979 -0.629246 -1.08233 2.03392 4.94453 0.156411 0.7707 1.11084 -0.0945802 -0.0295213 -0.0245576 -1.92186 -2.03291 -0.582632 -1.01486 2.56305 4.82657 0.654997 1.17976 2.31668 -2.96424 -5.57144 -3.15683 -5.27651 -6.9357 -1.24285 -5.68521 -3.18082 4.65044 -6.72446 -7.51943 2.91391 -3.55908 -6.08035 -2.67957 -6.04305 -6.84896 -2.71678 -5.38176 -1.92376 5.88773 -6.92336 -7.22233 0 0 0 2.70675 0.575042 -0.102751 0.453565 -1.52964 1.08196 0.495914 -0.561819 -0.556693 0.395415 -1.42455 -2.18018 -0.297886 -0.456486 0.515172 1.58065 0.850957 0.894501 1.62824 0.00840822 -0.0403487 0.157593 -2.28226 -1.4695 -0.45502 -0.794749 2.73835 4.72123 0.723901 1.04948 0.320196 -0.552326 -0.552249 0.393198 -1.1455 -1.91571 -0.221307 -0.323253 0.162779 0.904251 0.75888 0.736801 0.369541 -0.559254 -0.553365 0.385607 -1.23164 -2.0204 -0.251502 -0.375863 0.270925 1.14166 0.783769 0.790039 0.419454 -0.561461 -0.554754 0.388159 -1.31299 -2.0973 -0.273305 -0.414098 0.377313 1.3368 0.813027 0.838256 1.11084 -0.0945802 -0.0295213 -0.0245576 -1.92186 -2.03291 -0.582632 -1.01486 2.56305 4.82657 0.654997 1.17976 1.36115 -0.0354929 -0.0364157 0.106481 -2.14785 -1.88122 -0.534986 -0.9215 2.8096 4.99449 0.771691 1.20368 2.91391 -3.55908 -6.08035 -2.67957 -6.04305 -6.84896 -2.71678 -5.38176 -1.92376 5.88773 -6.92336 -7.22233 3.65325 -4.16338 -6.51887 -1.97469 -6.75087 -7.0006 -4.45273 -4.79234 -1.28091 6.97007 -7.21337 -6.65468 0 0 0 2.70069 0.579907 -0.104624 0.249917 -1.13991 1.15972 0.557625 -0.560954 -0.558487 0.401297 -1.51343 -2.22847 -0.313502 -0.485121 0.617784 1.75988 0.876462 0.931365 1.34239 0.0280021 -0.0506405 0.130662 -2.15105 -1.03254 -0.340921 -0.654541 2.5044 4.31573 0.572063 0.829147 0.369541 -0.559254 -0.553365 0.385607 -1.23164 -2.0204 -0.251502 -0.375863 0.270925 1.14166 0.783769 0.790039 0.419454 -0.561461 -0.554754 0.388159 -1.31299 -2.0973 -0.273305 -0.414098 0.377313 1.3368 0.813027 0.838256 0.495914 -0.561819 -0.556693 0.395415 -1.42455 -2.18018 -0.297886 -0.456486 0.515172 1.58065 0.850957 0.894501 1.36115 -0.0354929 -0.0364157 0.106481 -2.14785 -1.88122 -0.534986 -0.9215 2.8096 4.99449 0.771691 1.20368 1.62824 0.00840822 -0.0403487 0.157593 -2.28226 -1.4695 -0.45502 -0.794749 2.73835 4.72123 0.723901 1.04948 3.65325 -4.16338 -6.51887 -1.97469 -6.75087 -7.0006 -4.45273 -4.79234 -1.28091 6.97007 -7.21337 -6.65468 3.94793 -4.29559 -6.9165 -1.79722 -6.85409 -6.53657 -4.92835 -4.66621 -0.699173 6.94791 -7.35949 -6.79817 0 0 0 2.69307 0.583177 -0.108308 0.0349509 -0.576072 1.2244 0.605247 -0.559176 -0.561287 0.406226 -1.61418 -2.26337 -0.325895 -0.512584 0.737512 1.95907 0.898064 0.964238 0.72879 0.0388608 -0.0568525 0.0792876 -1.93569 -0.477926 -0.187557 -0.48701 2.33573 3.74962 0.335805 0.550232 0.419454 -0.561461 -0.554754 0.388159 -1.31299 -2.0973 -0.273305 -0.414098 0.377313 1.3368 0.813027 0.838256 0.495914 -0.561819 -0.556693 0.395415 -1.42455 -2.18018 -0.297886 -0.456486 0.515172 1.58065 0.850957 0.894501 0.557625 -0.560954 -0.558487 0.401297 -1.51343 -2.22847 -0.313502 -0.485121 0.617784 1.75988 0.876462 0.931365 1.62824 0.00840822 -0.0403487 0.157593 -2.28226 -1.4695 -0.45502 -0.794749 2.73835 4.72123 0.723901 1.04948 1.34239 0.0280021 -0.0506405 0.130662 -2.15105 -1.03254 -0.340921 -0.654541 2.5044 4.31573 0.572063 0.829147 3.94793 -4.29559 -6.9165 -1.79722 -6.85409 -6.53657 -4.92835 -4.66621 -0.699173 6.94791 -7.35949 -6.79817 4.4686 -4.63509 -7.24073 -1.50393 -6.79529 -6.10083 -5.49313 -4.52072 -0.207324 6.77921 -7.64738 -6.86995 0 0 0 2.68688 0.584159 -0.111692 0.00683623 -0.278838 1.27429 0.625875 -0.557565 -0.563427 0.408623 -1.68805 -2.27334 -0.330904 -0.529687 0.827055 2.09959 0.907125 0.981718 0.403379 0.0403131 -0.050181 0.0499076 -1.80207 -0.123698 -0.0873873 -0.395087 2.2052 3.38666 0.159253 0.374091 0.495914 -0.561819 -0.556693 0.395415 -1.42455 -2.18018 -0.297886 -0.456486 0.515172 1.58065 0.850957 0.894501 0.557625 -0.560954 -0.558487 0.401297 -1.51343 -2.22847 -0.313502 -0.485121 0.617784 1.75988 0.876462 0.931365 0.605247 -0.559176 -0.561287 0.406226 -1.61418 -2.26337 -0.325895 -0.512584 0.737512 1.95907 0.898064 0.964238 1.34239 0.0280021 -0.0506405 0.130662 -2.15105 -1.03254 -0.340921 -0.654541 2.5044 4.31573 0.572063 0.829147 0.72879 0.0388608 -0.0568525 0.0792876 -1.93569 -0.477926 -0.187557 -0.48701 2.33573 3.74962 0.335805 0.550232 4.4686 -4.63509 -7.24073 -1.50393 -6.79529 -6.10083 -5.49313 -4.52072 -0.207324 6.77921 -7.64738 -6.86995 5.01694 -5.00285 -7.39468 -1.09226 -6.55909 -5.82575 -6.0253 -4.21905 0.0679733 6.53866 -7.9424 -6.74002 0 0 0 2.6806 0.584145 -0.115011 0.065839 -0.0694954 1.31601 0.636218 -0.556023 -0.565141 0.410087 -1.75806 -2.27188 -0.332254 -0.543814 0.913712 2.23025 0.909484 0.993196 0.183314 0.036628 -0.0379387 0.0299596 -1.74587 0.10994 -0.00215027 -0.330785 2.19662 3.27127 0.000217213 0.241108 0.557625 -0.560954 -0.558487 0.401297 -1.51343 -2.22847 -0.313502 -0.485121 0.617784 1.75988 0.876462 0.931365 0.605247 -0.559176 -0.561287 0.406226 -1.61418 -2.26337 -0.325895 -0.512584 0.737512 1.95907 0.898064 0.964238 0.625875 -0.557565 -0.563427 0.408623 -1.68805 -2.27334 -0.330904 -0.529687 0.827055 2.09959 0.907125 0.981718 0.72879 0.0388608 -0.0568525 0.0792876 -1.93569 -0.477926 -0.187557 -0.48701 2.33573 3.74962 0.335805 0.550232 0.403379 0.0403131 -0.050181 0.0499076 -1.80207 -0.123698 -0.0873873 -0.395087 2.2052 3.38666 0.159253 0.374091 5.01694 -5.00285 -7.39468 -1.09226 -6.55909 -5.82575 -6.0253 -4.21905 0.0679733 6.53866 -7.9424 -6.74002 5.54887 -5.34503 -7.32463 -0.617643 -6.4017 -5.76479 -6.73901 -3.75319 0.311312 6.60729 -8.27014 -6.37912 0 0 0 2.67419 0.583488 -0.118022 0.176646 0.048383 1.36691 0.639715 -0.55471 -0.566312 0.410936 -1.82686 -2.26333 -0.330589 -0.556076 0.999567 2.36026 0.90603 1.0004 0.0382235 0.0300024 -0.0239823 0.016861 -1.73001 0.262158 0.067145 -0.295218 2.1687 3.28622 -0.136176 0.150004 0.605247 -0.559176 -0.561287 0.406226 -1.61418 -2.26337 -0.325895 -0.512584 0.737512 1.95907 0.898064 0.964238 0.625875 -0.557565 -0.563427 0.408623 -1.68805 -2.27334 -0.330904 -0.529687 0.827055 2.09959 0.907125 0.981718 0.636218 -0.556023 -0.565141 0.410087 -1.75806 -2.27188 -0.332254 -0.543814 0.913712 2.23025 0.909484 0.993196 0.403379 0.0403131 -0.050181 0.0499076 -1.80207 -0.123698 -0.0873873 -0.395087 2.2052 3.38666 0.159253 0.374091 0.183314 0.036628 -0.0379387 0.0299596 -1.74587 0.10994 -0.00215027 -0.330785 2.19662 3.27127 0.000217213 0.241108 5.54887 -5.34503 -7.32463 -0.617643 -6.4017 -5.76479 -6.73901 -3.75319 0.311312 6.60729 -8.27014 -6.37912 6.1652 -5.8796 -7.30299 -0.126651 -6.87947 -5.85828 -7.50467 -3.38331 0.613941 7.42768 -8.53553 -5.93726 0 0 0 2.66755 0.5825 -0.120554 0.350659 0.0904619 1.42899 0.638853 -0.55374 -0.566915 0.411499 -1.89776 -2.25049 -0.326392 -0.567634 1.08805 2.49622 0.897582 1.0052 -0.0515291 0.0204705 -0.00978604 0.013874 -1.80931 0.353045 0.126491 -0.288453 2.25172 3.4779 -0.25402 0.107066 0.625875 -0.557565 -0.563427 0.408623 -1.68805 -2.27334 -0.330904 -0.529687 0.827055 2.09959 0.907125 0.981718 0.636218 -0.556023 -0.565141 0.410087 -1.75806 -2.27188 -0.332254 -0.543814 0.913712 2.23025 0.909484 0.993196 0.639715 -0.55471 -0.566312 0.410936 -1.82686 -2.26333 -0.330589 -0.556076 0.999567 2.36026 0.90603 1.0004 0.183314 0.036628 -0.0379387 0.0299596 -1.74587 0.10994 -0.00215027 -0.330785 2.19662 3.27127 0.000217213 0.241108 0.0382235 0.0300024 -0.0239823 0.016861 -1.73001 0.262158 0.067145 -0.295218 2.1687 3.28622 -0.136176 0.150004 6.1652 -5.8796 -7.30299 -0.126651 -6.87947 -5.85828 -7.50467 -3.38331 0.613941 7.42768 -8.53553 -5.93726 6.74646 -6.43041 -7.25828 0.353474 -7.53337 -5.91041 -8.13181 -3.07137 0.943239 8.34644 -8.68518 -5.44855 0 0 0 2.66058 0.581507 -0.122509 0.541834 0.0522302 1.50486 0.635372 -0.553165 -0.566988 0.412121 -1.97215 -2.23449 -0.320226 -0.579466 1.17805 2.63788 0.885028 1.00897 -0.104016 0.0103954 0.00256756 0.0176228 -1.91296 0.42737 0.169429 -0.302504 2.29653 3.60349 -0.346619 0.0909825 0.636218 -0.556023 -0.565141 0.410087 -1.75806 -2.27188 -0.332254 -0.543814 0.913712 2.23025 0.909484 0.993196 0.639715 -0.55471 -0.566312 0.410936 -1.82686 -2.26333 -0.330589 -0.556076 0.999567 2.36026 0.90603 1.0004 0.638853 -0.55374 -0.566915 0.411499 -1.89776 -2.25049 -0.326392 -0.567634 1.08805 2.49622 0.897582 1.0052 0.0382235 0.0300024 -0.0239823 0.016861 -1.73001 0.262158 0.067145 -0.295218 2.1687 3.28622 -0.136176 0.150004 -0.0515291 0.0204705 -0.00978604 0.013874 -1.80931 0.353045 0.126491 -0.288453 2.25172 3.4779 -0.25402 0.107066 6.74646 -6.43041 -7.25828 0.353474 -7.53337 -5.91041 -8.13181 -3.07137 0.943239 8.34644 -8.68518 -5.44855 7.2791 -6.90926 -7.33678 0.846379 -7.9954 -5.86501 -8.58569 -2.76321 1.25317 8.94273 -8.74059 -5.02641 0 0 0 2.6532 0.580803 -0.123929 0.728414 -0.0641802 1.58041 0.630464 -0.552995 -0.566626 0.413026 -2.05136 -2.2161 -0.312838 -0.592276 1.26929 2.78341 0.869533 1.01264 -0.130917 0.000318029 0.0126416 0.0267195 -2.03443 0.478233 0.190874 -0.333264 2.29607 3.67396 -0.406751 0.095896 0.639715 -0.55471 -0.566312 0.410936 -1.82686 -2.26333 -0.330589 -0.556076 0.999567 2.36026 0.90603 1.0004 0.638853 -0.55374 -0.566915 0.411499 -1.89776 -2.25049 -0.326392 -0.567634 1.08805 2.49622 0.897582 1.0052 0.635372 -0.553165 -0.566988 0.412121 -1.97215 -2.23449 -0.320226 -0.579466 1.17805 2.63788 0.885028 1.00897 -0.0515291 0.0204705 -0.00978604 0.013874 -1.80931 0.353045 0.126491 -0.288453 2.25172 3.4779 -0.25402 0.107066 -0.104016 0.0103954 0.00256756 0.0176228 -1.91296 0.42737 0.169429 -0.302504 2.29653 3.60349 -0.346619 0.0909825 7.2791 -6.90926 -7.33678 0.846379 -7.9954 -5.86501 -8.58569 -2.76321 1.25317 8.94273 -8.74059 -5.02641 7.86768 -7.47598 -7.59014 1.37396 -8.59921 -5.70928 -8.94005 -2.49365 1.68407 9.61473 -8.69287 -4.62579 0 0 0 2.64527 0.58095 -0.125001 0.859376 -0.379495 1.67122 0.624929 -0.553162 -0.566015 0.414719 -2.1383 -2.19596 -0.305585 -0.607243 1.36481 2.91476 0.852919 1.01761 -0.141743 -0.00577309 0.0160519 0.050662 -2.22996 0.495926 0.170041 -0.396911 2.36325 2.83756 -0.416959 0.134969 0.638853 -0.55374 -0.566915 0.411499 -1.89776 -2.25049 -0.326392 -0.567634 1.08805 2.49622 0.897582 1.0052 0.635372 -0.553165 -0.566988 0.412121 -1.97215 -2.23449 -0.320226 -0.579466 1.17805 2.63788 0.885028 1.00897 0.630464 -0.552995 -0.566626 0.413026 -2.05136 -2.2161 -0.312838 -0.592276 1.26929 2.78341 0.869533 1.01264 -0.104016 0.0103954 0.00256756 0.0176228 -1.91296 0.42737 0.169429 -0.302504 2.29653 3.60349 -0.346619 0.0909825 -0.130917 0.000318029 0.0126416 0.0267195 -2.03443 0.478233 0.190874 -0.333264 2.29607 3.67396 -0.406751 0.095896 7.86768 -7.47598 -7.59014 1.37396 -8.59921 -5.70928 -8.94005 -2.49365 1.68407 9.61473 -8.69287 -4.62579 8.4338 -8.02716 -7.85732 1.90247 -9.09847 -5.53412 -9.1595 -2.20704 2.01479 10.168 -8.55982 -4.20477 0 0 0 2.63689 0.582532 -0.125905 0.96642 -0.758243 1.69024 0.619164 -0.553465 -0.565308 0.417703 -2.23047 -2.17709 -0.299744 -0.624166 1.45588 3.00504 0.836399 1.02341 -0.144597 -0.00837005 0.0187724 0.099015 -2.36415 0.472557 0.128193 -0.441598 2.26462 1.95597 -0.405063 0.159599 0.635372 -0.553165 -0.566988 0.412121 -1.97215 -2.23449 -0.320226 -0.579466 1.17805 2.63788 0.885028 1.00897 0.630464 -0.552995 -0.566626 0.413026 -2.05136 -2.2161 -0.312838 -0.592276 1.26929 2.78341 0.869533 1.01264 0.624929 -0.553162 -0.566015 0.414719 -2.1383 -2.19596 -0.305585 -0.607243 1.36481 2.91476 0.852919 1.01761 -0.130917 0.000318029 0.0126416 0.0267195 -2.03443 0.478233 0.190874 -0.333264 2.29607 3.67396 -0.406751 0.095896 -0.141743 -0.00577309 0.0160519 0.050662 -2.22996 0.495926 0.170041 -0.396911 2.36325 2.83756 -0.416959 0.134969 8.4338 -8.02716 -7.85732 1.90247 -9.09847 -5.53412 -9.1595 -2.20704 2.01479 10.168 -8.55982 -4.20477 9.01965 -8.65846 -8.26333 2.39207 -9.72013 -5.25631 -9.25105 -2.03773 2.43382 10.8342 -8.3533 -3.8153 0 0 0 2.62619 0.586792 -0.126363 1.19699 -1.29174 1.63411 0.612039 -0.553931 -0.564266 0.426527 -2.3543 -2.15248 -0.295635 -0.647637 1.56691 3.08061 0.817698 1.03277 -0.140071 -0.00971639 0.0220479 0.246395 -2.56376 0.519157 0.0454006 -0.488052 2.21746 1.26855 -0.3439 0.211602 0.630464 -0.552995 -0.566626 0.413026 -2.05136 -2.2161 -0.312838 -0.592276 1.26929 2.78341 0.869533 1.01264 0.624929 -0.553162 -0.566015 0.414719 -2.1383 -2.19596 -0.305585 -0.607243 1.36481 2.91476 0.852919 1.01761 0.619164 -0.553465 -0.565308 0.417703 -2.23047 -2.17709 -0.299744 -0.624166 1.45588 3.00504 0.836399 1.02341 -0.141743 -0.00577309 0.0160519 0.050662 -2.22996 0.495926 0.170041 -0.396911 2.36325 2.83756 -0.416959 0.134969 -0.144597 -0.00837005 0.0187724 0.099015 -2.36415 0.472557 0.128193 -0.441598 2.26462 1.95597 -0.405063 0.159599 9.01965 -8.65846 -8.26333 2.39207 -9.72013 -5.25631 -9.25105 -2.03773 2.43382 10.8342 -8.3533 -3.8153 9.59921 -9.22644 -8.73721 2.886 -10.2 -4.8776 -9.21484 -1.82088 2.81299 11.2958 -8.09699 -3.43018 0 0 0 2.61772 0.592271 -0.12562 1.48206 -1.77134 1.5374 0.606608 -0.554329 -0.56334 0.440802 -2.45994 -2.13009 -0.295899 -0.667154 1.65289 3.12209 0.805745 1.03788 -0.132791 -0.00988327 0.0237248 0.443812 -2.69506 0.599611 -0.0441538 -0.484331 2.13572 0.913998 -0.2624 -0.000332364 0.624929 -0.553162 -0.566015 0.414719 -2.1383 -2.19596 -0.305585 -0.607243 1.36481 2.91476 0.852919 1.01761 0.619164 -0.553465 -0.565308 0.417703 -2.23047 -2.17709 -0.299744 -0.624166 1.45588 3.00504 0.836399 1.02341 0.612039 -0.553931 -0.564266 0.426527 -2.3543 -2.15248 -0.295635 -0.647637 1.56691 3.08061 0.817698 1.03277 -0.144597 -0.00837005 0.0187724 0.099015 -2.36415 0.472557 0.128193 -0.441598 2.26462 1.95597 -0.405063 0.159599 -0.140071 -0.00971639 0.0220479 0.246395 -2.56376 0.519157 0.0454006 -0.488052 2.21746 1.26855 -0.3439 0.211602 9.59921 -9.22644 -8.73721 2.886 -10.2 -4.8776 -9.21484 -1.82088 2.81299 11.2958 -8.09699 -3.43018 10.2301 -9.86006 -9.21045 3.51297 -10.8255 -4.53133 -9.13329 -1.436 3.254 11.9665 -7.73433 -2.89241 0 0 0 2.60739 0.60215 -0.122687 1.934 -2.4522 1.37923 0.600304 -0.554815 -0.562125 0.471424 -2.59804 -2.09638 -0.302014 -0.693786 1.75462 3.15821 0.796363 1.03418 -0.121339 -0.00948218 0.0245329 0.728448 -2.80334 0.736796 -0.182348 -0.579472 1.97514 0.612007 -0.126306 -0.0257183 0.619164 -0.553465 -0.565308 0.417703 -2.23047 -2.17709 -0.299744 -0.624166 1.45588 3.00504 0.836399 1.02341 0.612039 -0.553931 -0.564266 0.426527 -2.3543 -2.15248 -0.295635 -0.647637 1.56691 3.08061 0.817698 1.03277 0.606608 -0.554329 -0.56334 0.440802 -2.45994 -2.13009 -0.295899 -0.667154 1.65289 3.12209 0.805745 1.03788 -0.140071 -0.00971639 0.0220479 0.246395 -2.56376 0.519157 0.0454006 -0.488052 2.21746 1.26855 -0.3439 0.211602 -0.132791 -0.00988327 0.0237248 0.443812 -2.69506 0.599611 -0.0441538 -0.484331 2.13572 0.913998 -0.2624 -0.000332364 10.2301 -9.86006 -9.21045 3.51297 -10.8255 -4.53133 -9.13329 -1.436 3.254 11.9665 -7.73433 -2.89241 10.737 -10.3183 -9.71957 4.06476 -11.1959 -4.09763 -8.93502 -1.07578 3.61715 12 -7.35349 -2.44153 0 0 0 2.59976 0.612598 -0.118325 2.37386 -2.96979 1.0841 0.595674 -0.555187 -0.561131 0.50644 -2.70819 -2.06421 -0.312452 -0.717973 1.82728 3.17839 0.794398 1.03494 -0.113553 -0.00905446 0.0258715 0.97305 -2.54874 0.844965 -0.323743 -0.610745 1.59652 0.446949 0.0131594 0.0695287 0.612039 -0.553931 -0.564266 0.426527 -2.3543 -2.15248 -0.295635 -0.647637 1.56691 3.08061 0.817698 1.03277 0.606608 -0.554329 -0.56334 0.440802 -2.45994 -2.13009 -0.295899 -0.667154 1.65289 3.12209 0.805745 1.03788 0.600304 -0.554815 -0.562125 0.471424 -2.59804 -2.09638 -0.302014 -0.693786 1.75462 3.15821 0.796363 1.03418 -0.132791 -0.00988327 0.0237248 0.443812 -2.69506 0.599611 -0.0441538 -0.484331 2.13572 0.913998 -0.2624 -0.000332364 -0.121339 -0.00948218 0.0245329 0.728448 -2.80334 0.736796 -0.182348 -0.579472 1.97514 0.612007 -0.126306 -0.0257183 10.737 -10.3183 -9.71957 4.06476 -11.1959 -4.09763 -8.93502 -1.07578 3.61715 12 -7.35349 -2.44153 11.1622 -10.6644 -10.173 4.59021 -11.4601 -3.68807 -8.67619 -0.680382 3.8332 12 -6.90106 -1.944 0 0 0 2.59438 0.624766 -0.111412 2.33241 -3.15445 0.575001 0.591194 -0.555558 -0.560085 0.54702 -2.78661 -2.02635 -0.330457 -0.742124 1.87844 3.19314 0.800057 1.04318 -0.111988 -0.0100994 0.0241507 0.90146 -1.64641 1.04245 -0.533923 -0.613698 1.17671 0.325092 0.236287 0.329393 0.606608 -0.554329 -0.56334 0.440802 -2.45994 -2.13009 -0.295899 -0.667154 1.65289 3.12209 0.805745 1.03788 0.600304 -0.554815 -0.562125 0.471424 -2.59804 -2.09638 -0.302014 -0.693786 1.75462 3.15821 0.796363 1.03418 0.595674 -0.555187 -0.561131 0.50644 -2.70819 -2.06421 -0.312452 -0.717973 1.82728 3.17839 0.794398 1.03494 -0.121339 -0.00948218 0.0245329 0.728448 -2.80334 0.736796 -0.182348 -0.579472 1.97514 0.612007 -0.126306 -0.0257183 -0.113553 -0.00905446 0.0258715 0.97305 -2.54874 0.844965 -0.323743 -0.610745 1.59652 0.446949 0.0131594 0.0695287 11.1622 -10.6644 -10.173 4.59021 -11.4601 -3.68807 -8.67619 -0.680382 3.8332 12 -6.90106 -1.944 11.4617 -10.8532 -10.6086 5.07113 -11.7061 -3.37512 -8.34733 -0.215384 3.83445 12 -6.38086 -1.46273 0 0 0 2.59112 0.637181 -0.105209 1.84587 -3.18457 0.156955 0.586806 -0.555972 -0.559384 0.57461 -2.83575 -1.97464 -0.361461 -0.767141 1.9296 3.20388 0.804762 1.05934 -0.10757 -0.0106358 0.014186 0.57631 -1.00458 1.41477 -0.933714 -0.621745 1.33969 0.237704 0.401349 0.416991 0.600304 -0.554815 -0.562125 0.471424 -2.59804 -2.09638 -0.302014 -0.693786 1.75462 3.15821 0.796363 1.03418 0.595674 -0.555187 -0.561131 0.50644 -2.70819 -2.06421 -0.312452 -0.717973 1.82728 3.17839 0.794398 1.03494 0.591194 -0.555558 -0.560085 0.54702 -2.78661 -2.02635 -0.330457 -0.742124 1.87844 3.19314 0.800057 1.04318 -0.113553 -0.00905446 0.0258715 0.97305 -2.54874 0.844965 -0.323743 -0.610745 1.59652 0.446949 0.0131594 0.0695287 -0.111988 -0.0100994 0.0241507 0.90146 -1.64641 1.04245 -0.533923 -0.613698 1.17671 0.325092 0.236287 0.329393 11.4617 -10.8532 -10.6086 5.07113 -11.7061 -3.37512 -8.34733 -0.215384 3.83445 12 -6.38086 -1.46273 11.7151 -11.0797 -11.0576 5.40825 -12 -2.85488 -7.9659 -0.128061 3.99606 12 -5.89448 -1.26062 0 0 0 2.58982 0.650171 -0.0995111 1.51376 -3.32008 -0.188431 0.582729 -0.556392 -0.559008 0.591636 -2.86404 -1.91066 -0.404587 -0.792031 1.98973 3.21177 0.834912 1.07536 -0.098229 -0.00996309 0.00637756 0.345584 -0.549509 1.74811 -1.15741 -0.642201 1.66801 0.176673 0.932285 0.38713 0.595674 -0.555187 -0.561131 0.50644 -2.70819 -2.06421 -0.312452 -0.717973 1.82728 3.17839 0.794398 1.03494 0.591194 -0.555558 -0.560085 0.54702 -2.78661 -2.02635 -0.330457 -0.742124 1.87844 3.19314 0.800057 1.04318 0.586806 -0.555972 -0.559384 0.57461 -2.83575 -1.97464 -0.361461 -0.767141 1.9296 3.20388 0.804762 1.05934 -0.111988 -0.0100994 0.0241507 0.90146 -1.64641 1.04245 -0.533923 -0.613698 1.17671 0.325092 0.236287 0.329393 -0.10757 -0.0106358 0.014186 0.57631 -1.00458 1.41477 -0.933714 -0.621745 1.33969 0.237704 0.401349 0.416991 11.7151 -11.0797 -11.0576 5.40825 -12 -2.85488 -7.9659 -0.128061 3.99606 12 -5.89448 -1.26062 12 -11.5017 -11.5601 5.71163 -12 -2.00206 -7.48016 -0.704941 4.50207 12 -5.37205 -1.42446 0 0 0 2.58991 0.664057 -0.0938792 1.34076 -3.54835 -0.433238 0.579089 -0.556743 -0.558935 0.601257 -2.87771 -1.8306 -0.454079 -0.81974 2.06797 3.21777 0.878539 1.0895 -0.0866197 -0.00766963 -0.000988691 0.185131 -0.232091 2.19817 -1.28495 -0.740647 2.19262 0.136464 1.17477 0.339563 0.591194 -0.555558 -0.560085 0.54702 -2.78661 -2.02635 -0.330457 -0.742124 1.87844 3.19314 0.800057 1.04318 0.586806 -0.555972 -0.559384 0.57461 -2.83575 -1.97464 -0.361461 -0.767141 1.9296 3.20388 0.804762 1.05934 0.582729 -0.556392 -0.559008 0.591636 -2.86404 -1.91066 -0.404587 -0.792031 1.98973 3.21177 0.834912 1.07536 -0.10757 -0.0106358 0.014186 0.57631 -1.00458 1.41477 -0.933714 -0.621745 1.33969 0.237704 0.401349 0.416991 -0.098229 -0.00996309 0.00637756 0.345584 -0.549509 1.74811 -1.15741 -0.642201 1.66801 0.176673 0.932285 0.38713 12 -11.5017 -11.5601 5.71163 -12 -2.00206 -7.48016 -0.704941 4.50207 12 -5.37205 -1.42446 12 -12 -12 6.09381 -12 -0.882941 -6.87502 -1.63042 5.35196 12 -4.86981 -1.6841 0 0 0 2.59093 0.67899 -0.0881863 1.20458 -3.78879 -0.577274 0.575931 -0.556976 -0.55911 0.605786 -2.88127 -1.72923 -0.507132 -0.852744 2.17011 3.22254 0.917029 1.10166 -0.0746801 -0.00437261 -0.00554868 0.0754504 -0.0140626 2.7954 -1.3718 -0.888145 2.83559 0.111307 0.616238 0.29185 0.586806 -0.555972 -0.559384 0.57461 -2.83575 -1.97464 -0.361461 -0.767141 1.9296 3.20388 0.804762 1.05934 0.582729 -0.556392 -0.559008 0.591636 -2.86404 -1.91066 -0.404587 -0.792031 1.98973 3.21177 0.834912 1.07536 0.579089 -0.556743 -0.558935 0.601257 -2.87771 -1.8306 -0.454079 -0.81974 2.06797 3.21777 0.878539 1.0895 -0.098229 -0.00996309 0.00637756 0.345584 -0.549509 1.74811 -1.15741 -0.642201 1.66801 0.176673 0.932285 0.38713 -0.0866197 -0.00766963 -0.000988691 0.185131 -0.232091 2.19817 -1.28495 -0.740647 2.19262 0.136464 1.17477 0.339563 12 -12 -12 6.09381 -12 -0.882941 -6.87502 -1.63042 5.35196 12 -4.86981 -1.6841 12 -12 -12 6.51193 -12 0.501353 -6.29787 -2.41673 6.46071 12 -4.40913 -1.84473 0 0 0 2.59267 0.694934 -0.0823107 1.1867 -4.01109 -0.704224 0.573266 -0.557055 -0.559586 0.60692 -2.87794 -1.60071 -0.565125 -0.8919 2.29916 3.22664 0.955763 1.11142 -0.0620607 -0.00013941 -0.0152712 0.00370345 0.133349 3.52414 -1.45775 -1.03201 3.51575 0.0991892 1.09008 0.204102 0.582729 -0.556392 -0.559008 0.591636 -2.86404 -1.91066 -0.404587 -0.792031 1.98973 3.21177 0.834912 1.07536 0.579089 -0.556743 -0.558935 0.601257 -2.87771 -1.8306 -0.454079 -0.81974 2.06797 3.21777 0.878539 1.0895 0.575931 -0.556976 -0.55911 0.605786 -2.88127 -1.72923 -0.507132 -0.852744 2.17011 3.22254 0.917029 1.10166 -0.0866197 -0.00766963 -0.000988691 0.185131 -0.232091 2.19817 -1.28495 -0.740647 2.19262 0.136464 1.17477 0.339563 -0.0746801 -0.00437261 -0.00554868 0.0754504 -0.0140626 2.7954 -1.3718 -0.888145 2.83559 0.111307 0.616238 0.29185 12 -12 -12 6.51193 -12 0.501353 -6.29787 -2.41673 6.46071 12 -4.40913 -1.84473 12 -12 -12 7.00214 -12 2.28196 -5.51551 -3.03384 7.80687 12 -3.72035 -1.89966 0 0 0 2.59495 0.711408 -0.0762196 1.12225 -4.08231 -0.782876 0.571091 -0.55697 -0.560351 0.605819 -2.87007 -1.43997 -0.621593 -0.935711 2.454 3.23047 1.00072 1.11558 -0.0500431 0.00376463 -0.0213034 -0.043911 0.229092 4.37469 -1.3738 -1.12325 4.11777 0.0951369 1.11587 0.0209468 0.579089 -0.556743 -0.558935 0.601257 -2.87771 -1.8306 -0.454079 -0.81974 2.06797 3.21777 0.878539 1.0895 0.575931 -0.556976 -0.55911 0.605786 -2.88127 -1.72923 -0.507132 -0.852744 2.17011 3.22254 0.917029 1.10166 0.573266 -0.557055 -0.559586 0.60692 -2.87794 -1.60071 -0.565125 -0.8919 2.29916 3.22664 0.955763 1.11142 -0.0746801 -0.00437261 -0.00554868 0.0754504 -0.0140626 2.7954 -1.3718 -0.888145 2.83559 0.111307 0.616238 0.29185 -0.0620607 -0.00013941 -0.0152712 0.00370345 0.133349 3.52414 -1.45775 -1.03201 3.51575 0.0991892 1.09008 0.204102 12 -12 -12 7.00214 -12 2.28196 -5.51551 -3.03384 7.80687 12 -3.72035 -1.89966 12 -12 -12 7.26723 -12 4.26751 -4.51431 -3.37756 9.15034 12 -2.9458 -2.00607 0 0 0 2.59787 0.727873 -0.0703017 0.863285 -4.03943 -0.883765 0.569358 -0.55677 -0.561199 0.603245 -2.85938 -1.24318 -0.674831 -0.982358 2.62943 3.23426 1.04092 1.11321 -0.03989 0.00573402 -0.0193156 -0.0750444 0.285151 5.30165 -1.32916 -1.19067 4.5662 0.0953299 0.882856 -0.0837104 0.575931 -0.556976 -0.55911 0.605786 -2.88127 -1.72923 -0.507132 -0.852744 2.17011 3.22254 0.917029 1.10166 0.573266 -0.557055 -0.559586 0.60692 -2.87794 -1.60071 -0.565125 -0.8919 2.29916 3.22664 0.955763 1.11142 0.571091 -0.55697 -0.560351 0.605819 -2.87007 -1.43997 -0.621593 -0.935711 2.454 3.23047 1.00072 1.11558 -0.0620607 -0.00013941 -0.0152712 0.00370345 0.133349 3.52414 -1.45775 -1.03201 3.51575 0.0991892 1.09008 0.204102 -0.0500431 0.00376463 -0.0213034 -0.043911 0.229092 4.37469 -1.3738 -1.12325 4.11777 0.0951369 1.11587 0.0209468 12 -12 -12 7.26723 -12 4.26751 -4.51431 -3.37756 9.15034 12 -2.9458 -2.00607 12 -12 -12 7.18486 -12 6.42466 -3.47635 -3.56535 10.3262 12 -2.19354 -2.22888 0 0 0 2.60159 0.743672 -0.0655604 0.238279 -3.72488 -0.95996 0.567952 -0.556577 -0.56195 0.599999 -2.84728 -1.00964 -0.728012 -1.03099 2.81777 3.23813 1.0787 1.11701 -0.0335547 0.00371223 -0.0202898 -0.0775621 0.309313 6.18722 -1.31087 -1.21853 4.78336 0.09779 1.07919 0.393567 0.573266 -0.557055 -0.559586 0.60692 -2.87794 -1.60071 -0.565125 -0.8919 2.29916 3.22664 0.955763 1.11142 0.571091 -0.55697 -0.560351 0.605819 -2.87007 -1.43997 -0.621593 -0.935711 2.454 3.23047 1.00072 1.11558 0.569358 -0.55677 -0.561199 0.603245 -2.85938 -1.24318 -0.674831 -0.982358 2.62943 3.23426 1.04092 1.11321 -0.0500431 0.00376463 -0.0213034 -0.043911 0.229092 4.37469 -1.3738 -1.12325 4.11777 0.0951369 1.11587 0.0209468 -0.03989 0.00573402 -0.0193156 -0.0750444 0.285151 5.30165 -1.32916 -1.19067 4.5662 0.0953299 0.882856 -0.0837104 12 -12 -12 7.18486 -12 6.42466 -3.47635 -3.56535 10.3262 12 -2.19354 -2.22888 12 -12 -12 7.38003 -12 8.6101 -2.6626 -3.51893 11.318 12 -1.43312 -2.0899 0 0 0 2.60718 0.760459 -0.0639755 -0.775853 -2.98164 -1.04943 0.566334 -0.556685 -0.562811 0.596637 -2.83188 -0.676549 -0.791535 -1.08514 2.99868 3.24312 1.12803 1.14974 -0.0317355 -0.0061349 -0.0157772 -0.0608335 0.303171 6.94408 -1.21933 -0.97919 2.95498 0.102704 1.04366 0.734793 0.571091 -0.55697 -0.560351 0.605819 -2.87007 -1.43997 -0.621593 -0.935711 2.454 3.23047 1.00072 1.11558 0.569358 -0.55677 -0.561199 0.603245 -2.85938 -1.24318 -0.674831 -0.982358 2.62943 3.23426 1.04092 1.11321 0.567952 -0.556577 -0.56195 0.599999 -2.84728 -1.00964 -0.728012 -1.03099 2.81777 3.23813 1.0787 1.11701 -0.03989 0.00573402 -0.0193156 -0.0750444 0.285151 5.30165 -1.32916 -1.19067 4.5662 0.0953299 0.882856 -0.0837104 -0.0335547 0.00371223 -0.0202898 -0.0775621 0.309313 6.18722 -1.31087 -1.21853 4.78336 0.09779 1.07919 0.393567 12 -12 -12 7.38003 -12 8.6101 -2.6626 -3.51893 11.318 12 -1.43312 -2.0899 12 -12 -12 7.60672 -12 10.1925 -2.112 -3.45988 11.796 12 -0.787548 -1.87344 0 0 0 2.61272 0.773206 -0.0650782 -1.03856 -2.16085 -0.858993 0.564806 -0.557336 -0.56328 0.593856 -2.81739 -0.318902 -0.847011 -1.12667 3.10969 3.24845 1.17238 1.18513 -0.0294552 -0.0173027 -0.00583218 -0.0530232 0.279985 7.24705 -1.01806 -0.742172 1.79996 0.108527 0.846766 0.668618 0.569358 -0.55677 -0.561199 0.603245 -2.85938 -1.24318 -0.674831 -0.982358 2.62943 3.23426 1.04092 1.11321 0.567952 -0.556577 -0.56195 0.599999 -2.84728 -1.00964 -0.728012 -1.03099 2.81777 3.23813 1.0787 1.11701 0.566334 -0.556685 -0.562811 0.596637 -2.83188 -0.676549 -0.791535 -1.08514 2.99868 3.24312 1.12803 1.14974 -0.0335547 0.00371223 -0.0202898 -0.0775621 0.309313 6.18722 -1.31087 -1.21853 4.78336 0.09779 1.07919 0.393567 -0.0317355 -0.0061349 -0.0157772 -0.0608335 0.303171 6.94408 -1.21933 -0.97919 2.95498 0.102704 1.04366 0.734793 12 -12 -12 7.60672 -12 10.1925 -2.112 -3.45988 11.796 12 -0.787548 -1.87344 12 -12 -12 7.53966 -12 11.367 -1.7474 -3.53149 12 12 -0.4474 -1.85912 0 0 0 2.61573 0.780454 -0.0667714 -0.876917 -1.55948 -0.511416 0.563709 -0.558205 -0.563352 0.591789 -2.80674 -0.0299263 -0.88254 -1.15337 3.16569 3.25274 1.20468 1.20964 -0.0261218 -0.0240447 0.000939382 -0.0519236 0.257529 7.17265 -0.815805 -0.635616 1.18783 0.105419 0.788529 0.584417 0.567952 -0.556577 -0.56195 0.599999 -2.84728 -1.00964 -0.728012 -1.03099 2.81777 3.23813 1.0787 1.11701 0.566334 -0.556685 -0.562811 0.596637 -2.83188 -0.676549 -0.791535 -1.08514 2.99868 3.24312 1.12803 1.14974 0.564806 -0.557336 -0.56328 0.593856 -2.81739 -0.318902 -0.847011 -1.12667 3.10969 3.24845 1.17238 1.18513 -0.0317355 -0.0061349 -0.0157772 -0.0608335 0.303171 6.94408 -1.21933 -0.97919 2.95498 0.102704 1.04366 0.734793 -0.0294552 -0.0173027 -0.00583218 -0.0530232 0.279985 7.24705 -1.01806 -0.742172 1.79996 0.108527 0.846766 0.668618 12 -12 -12 7.53966 -12 11.367 -1.7474 -3.53149 12 12 -0.4474 -1.85912 12 -12 -12 7.24251 -12 12 -1.19253 -3.94082 12 12 -0.264708 -2.15195 0 0 0 2.61657 0.785522 -0.0690363 -0.616655 -1.08199 -0.0557142 0.562762 -0.559254 -0.563185 0.589645 -2.79702 0.249627 -0.910137 -1.17704 3.2021 3.25667 1.23531 1.23035 -0.0222007 -0.0269629 0.005654 -0.0555466 0.234222 6.85533 -0.606067 -0.561603 0.763594 0.0930536 0.751061 0.463148 0.566334 -0.556685 -0.562811 0.596637 -2.83188 -0.676549 -0.791535 -1.08514 2.99868 3.24312 1.12803 1.14974 0.564806 -0.557336 -0.56328 0.593856 -2.81739 -0.318902 -0.847011 -1.12667 3.10969 3.24845 1.17238 1.18513 0.563709 -0.558205 -0.563352 0.591789 -2.80674 -0.0299263 -0.88254 -1.15337 3.16569 3.25274 1.20468 1.20964 -0.0294552 -0.0173027 -0.00583218 -0.0530232 0.279985 7.24705 -1.01806 -0.742172 1.79996 0.108527 0.846766 0.668618 -0.0261218 -0.0240447 0.000939382 -0.0519236 0.257529 7.17265 -0.815805 -0.635616 1.18783 0.105419 0.788529 0.584417 12 -12 -12 7.24251 -12 12 -1.19253 -3.94082 12 12 -0.264708 -2.15195 12 -12 -12 6.85822 -12 12 -0.73229 -4.09772 12 12 0.0617934 -2.14597 0 0 0 2.61483 0.789966 -0.072542 -0.597933 -1.28259 0.379378 0.561997 -0.560305 -0.562975 0.587359 -2.78822 0.480912 -0.931562 -1.19917 3.22487 3.25958 1.26464 1.24559 -0.0171116 -0.0247745 0.00407666 -0.0579483 0.211604 4.86819 -0.515081 -0.560819 0.465217 0.0563004 0.733509 0.332571 0.564806 -0.557336 -0.56328 0.593856 -2.81739 -0.318902 -0.847011 -1.12667 3.10969 3.24845 1.17238 1.18513 0.563709 -0.558205 -0.563352 0.591789 -2.80674 -0.0299263 -0.88254 -1.15337 3.16569 3.25274 1.20468 1.20964 0.562762 -0.559254 -0.563185 0.589645 -2.79702 0.249627 -0.910137 -1.17704 3.2021 3.25667 1.23531 1.23035 -0.0261218 -0.0240447 0.000939382 -0.0519236 0.257529 7.17265 -0.815805 -0.635616 1.18783 0.105419 0.788529 0.584417 -0.0222007 -0.0269629 0.005654 -0.0555466 0.234222 6.85533 -0.606067 -0.561603 0.763594 0.0930536 0.751061 0.463148 12 -12 -12 6.85822 -12 12 -0.73229 -4.09772 12 12 0.0617934 -2.14597 12 -12 -12 5.96004 -12 12 -0.246814 -4.27459 12 12 0.198752 -2.43185 0 0 0 2.61115 0.796094 -0.0778733 -0.746486 -1.75714 0.591897 0.561431 -0.561087 -0.562869 0.584885 -2.7803 0.627128 -0.951605 -1.22255 3.23813 3.2608 1.29386 1.25223 -0.0126513 -0.0162385 0.00199122 -0.063139 0.190158 3.00875 -0.509223 -0.616337 0.261826 0.016416 0.742459 0.163966 0.563709 -0.558205 -0.563352 0.591789 -2.80674 -0.0299263 -0.88254 -1.15337 3.16569 3.25274 1.20468 1.20964 0.562762 -0.559254 -0.563185 0.589645 -2.79702 0.249627 -0.910137 -1.17704 3.2021 3.25667 1.23531 1.23035 0.561997 -0.560305 -0.562975 0.587359 -2.78822 0.480912 -0.931562 -1.19917 3.22487 3.25958 1.26464 1.24559 -0.0222007 -0.0269629 0.005654 -0.0555466 0.234222 6.85533 -0.606067 -0.561603 0.763594 0.0930536 0.751061 0.463148 -0.0171116 -0.0247745 0.00407666 -0.0579483 0.211604 4.86819 -0.515081 -0.560819 0.465217 0.0563004 0.733509 0.332571 12 -12 -12 5.96004 -12 12 -0.246814 -4.27459 12 12 0.198752 -2.43185 12 -12 -12 5.90925 -12 12 -0.541367 -4.07466 12 12 0.0418079 -2.36302 0 0 0 2.60647 0.803913 -0.0848524 -0.990855 -2.1676 0.668525 0.560996 -0.561531 -0.562817 0.582367 -2.7732 0.713446 -0.972714 -1.2487 3.24509 3.26071 1.32346 1.26117 -0.00988084 -0.00826354 0.00123533 -0.0620456 0.169909 1.70649 -0.55354 -0.686588 0.128117 -0.0122809 0.746361 0.276079 0.562762 -0.559254 -0.563185 0.589645 -2.79702 0.249627 -0.910137 -1.17704 3.2021 3.25667 1.23531 1.23035 0.561997 -0.560305 -0.562975 0.587359 -2.78822 0.480912 -0.931562 -1.19917 3.22487 3.25958 1.26464 1.24559 0.561431 -0.561087 -0.562869 0.584885 -2.7803 0.627128 -0.951605 -1.22255 3.23813 3.2608 1.29386 1.25223 -0.0171116 -0.0247745 0.00407666 -0.0579483 0.211604 4.86819 -0.515081 -0.560819 0.465217 0.0563004 0.733509 0.332571 -0.0126513 -0.0162385 0.00199122 -0.063139 0.190158 3.00875 -0.509223 -0.616337 0.261826 0.016416 0.742459 0.163966 12 -12 -12 5.90925 -12 12 -0.541367 -4.07466 12 12 0.0418079 -2.36302 12 -12 -12 6.57837 -12 12 -1.07539 -3.61453 12 12 0.046145 -1.74049 0 0 0 2.60025 0.815675 -0.0949589 -1.17832 -2.58059 0.595677 0.560587 -0.561724 -0.562728 0.579394 -2.76541 0.764544 -1.00316 -1.28502 3.24794 3.25939 1.35873 1.28073 -0.00706116 -0.00141391 0.00251383 -0.0576013 0.146959 0.634159 -0.658777 -0.748599 0.013674 -0.033763 0.665555 0.494572 0.561997 -0.560305 -0.562975 0.587359 -2.78822 0.480912 -0.931562 -1.19917 3.22487 3.25958 1.26464 1.24559 0.561431 -0.561087 -0.562869 0.584885 -2.7803 0.627128 -0.951605 -1.22255 3.23813 3.2608 1.29386 1.25223 0.560996 -0.561531 -0.562817 0.582367 -2.7732 0.713446 -0.972714 -1.2487 3.24509 3.26071 1.32346 1.26117 -0.0126513 -0.0162385 0.00199122 -0.063139 0.190158 3.00875 -0.509223 -0.616337 0.261826 0.016416 0.742459 0.163966 -0.00988084 -0.00826354 0.00123533 -0.0620456 0.169909 1.70649 -0.55354 -0.686588 0.128117 -0.0122809 0.746361 0.276079 12 -12 -12 6.57837 -12 12 -1.07539 -3.61453 12 12 0.046145 -1.74049 12 -12 -12 7.51507 -12 12 -1.68356 -3.1165 12 12 0.0256862 -0.923402 0 0 0 2.59554 0.826287 -0.103384 -1.28202 -2.79695 0.49794 0.560343 -0.561698 -0.562593 0.577202 -2.75995 0.775562 -1.03139 -1.31445 3.24692 3.25782 1.38282 1.3023 -0.00558765 0.00162764 0.00395629 -0.0531463 0.130204 0.0885077 -0.738939 -0.73277 -0.0481205 -0.0417658 0.579902 0.597548 0.561431 -0.561087 -0.562869 0.584885 -2.7803 0.627128 -0.951605 -1.22255 3.23813 3.2608 1.29386 1.25223 0.560996 -0.561531 -0.562817 0.582367 -2.7732 0.713446 -0.972714 -1.2487 3.24509 3.26071 1.32346 1.26117 0.560587 -0.561724 -0.562728 0.579394 -2.76541 0.764544 -1.00316 -1.28502 3.24794 3.25939 1.35873 1.28073 -0.00988084 -0.00826354 0.00123533 -0.0620456 0.169909 1.70649 -0.55354 -0.686588 0.128117 -0.0122809 0.746361 0.276079 -0.00706116 -0.00141391 0.00251383 -0.0576013 0.146959 0.634159 -0.658777 -0.748599 0.013674 -0.033763 0.665555 0.494572 12 -12 -12 7.51507 -12 12 -1.68356 -3.1165 12 12 0.0256862 -0.923402 12 -12 -12 8.53598 -12 12 -2.40719 -2.6349 11.7577 12 -0.146478 -0.127003
